v -0.544744 2.718269 -0.216881
v -0.461653 2.697798 -0.246883
v -0.475583 2.689369 -0.242275
v -0.513698 2.794673 -0.227278
v -0.433356 2.772663 -0.257694
v -0.580734 2.814996 -0.167433
v -0.607784 2.738667 -0.163511
v -0.611688 2.828253 -0.090473
v -0.641094 2.744802 -0.091804
v -0.622730 2.826865 -0.072102
v -0.652413 2.746800 -0.069403
v -0.620836 2.831663 -0.037100
v -0.651328 2.751503 -0.028528
v -0.640748 2.748466 -0.008302
v -0.609794 2.833261 -0.017854
v -0.604827 2.742758 0.060887
v -0.591637 2.921748 -0.047465
v -0.591013 2.921103 -0.073166
v -0.580595 2.917098 -0.093287
v -0.548671 2.903940 -0.169281
v -0.476230 2.879708 -0.232168
v -0.398175 2.855673 -0.261595
v -0.437214 2.958359 -0.223245
v -0.352437 2.935599 -0.245155
v -0.511180 2.984638 -0.168740
v -0.541164 3.007638 -0.098697
v -0.550219 3.016153 -0.077077
v -0.550219 3.017035 -0.049002
v -0.579741 2.919493 -0.022896
v -0.576022 2.824541 0.060631
v -0.540032 2.726022 0.113045
v -0.510741 2.805088 0.120430
v -0.543635 2.916479 0.054808
v -0.511180 2.991334 0.044436
v -0.541164 3.009893 -0.026913
v -0.491314 3.081145 -0.049768
v -0.491314 3.080184 -0.080360
v -0.481866 3.071406 -0.103035
v -0.454169 3.042979 -0.167777
v -0.402933 3.029867 -0.195238
v -0.321252 3.005677 -0.212690
v -0.372949 3.085035 -0.159161
v -0.299746 3.071427 -0.167123
v -0.418364 3.109198 -0.100685
v -0.424324 3.118932 -0.082132
v -0.424324 3.119930 -0.050408
v -0.482582 3.073219 -0.025437
v -0.454169 3.049500 0.039836
v -0.418757 3.109235 -0.023749
v -0.352021 3.136060 -0.053365
v -0.352021 3.135217 -0.080217
v -0.347586 3.121022 -0.104661
v -0.293185 3.116190 -0.109849
v -0.291776 3.133441 -0.079330
v -0.291106 3.134182 -0.053582
v -0.345668 3.122727 -0.024587
v -0.292030 3.116747 -0.017791
v -0.298337 3.080073 0.036055
v -0.376876 3.090258 0.029887
v -0.398683 3.039530 0.068991
v -0.437514 2.964712 0.103352
v -0.475768 2.890917 0.117272
v -0.434488 2.784880 0.151109
v -0.396650 2.862972 0.148864
v -0.354978 2.939493 0.128226
v -0.319219 3.018156 0.085979
v -0.458974 2.709847 0.141841
v -0.472926 2.700438 0.138092
v -0.468768 2.688683 -0.222908
v -0.454631 2.697551 -0.227578
v -0.534603 2.716380 -0.199096
v -0.534419 2.801124 -0.182298
v -0.426357 2.771651 -0.238410
v -0.592192 2.733624 -0.151127
v -0.482443 2.924933 -0.182975
v -0.392608 2.851799 -0.242201
v -0.349849 2.928082 -0.226199
v -0.422430 3.024800 -0.166052
v -0.320628 2.995372 -0.194917
v -0.370778 3.069985 -0.145352
v -0.300485 3.057216 -0.152300
v -0.383275 3.101623 -0.063723
v -0.293624 3.099147 -0.098359
v -0.292123 3.113873 -0.065865
v -0.292677 3.099041 -0.028212
v -0.299029 3.064871 0.022250
v -0.374451 3.074483 0.016956
v -0.318757 3.006710 0.068912
v -0.420305 3.032023 0.039668
v -0.352321 2.930986 0.109702
v -0.481265 2.932979 0.065036
v -0.391291 2.857703 0.129732
v -0.427396 2.782892 0.131943
v -0.530676 2.810378 0.075542
v -0.451998 2.708962 0.122525
v -0.530099 2.723592 0.095233
v -0.466412 2.698535 0.118693
v -0.589720 2.737045 0.048217
v -0.581427 2.868061 -0.056317
v -0.624023 2.741210 -0.017782
v -0.633263 2.741963 -0.049004
v -0.623723 2.738593 -0.082758
v -0.500947 3.030893 -0.063259
v 0.544744 2.718269 -0.216881
v 0.475583 2.689369 -0.242275
v 0.461653 2.697798 -0.246883
v 0.513698 2.794673 -0.227278
v 0.433356 2.772663 -0.257694
v 0.580734 2.814996 -0.167433
v 0.607784 2.738667 -0.163511
v 0.611688 2.828253 -0.090473
v 0.641094 2.744802 -0.091804
v 0.622730 2.826865 -0.072102
v 0.652413 2.746800 -0.069403
v 0.620836 2.831663 -0.037100
v 0.651328 2.751503 -0.028528
v 0.640748 2.748466 -0.008302
v 0.609794 2.833261 -0.017854
v 0.604827 2.742758 0.060887
v 0.591637 2.921748 -0.047465
v 0.591013 2.921103 -0.073166
v 0.580595 2.917098 -0.093287
v 0.548671 2.903940 -0.169281
v 0.476230 2.879708 -0.232168
v 0.398175 2.855673 -0.261595
v 0.437214 2.958359 -0.223245
v 0.352437 2.935599 -0.245155
v 0.511180 2.984638 -0.168740
v 0.541164 3.007638 -0.098697
v 0.550219 3.016153 -0.077077
v 0.550219 3.017035 -0.049002
v 0.579741 2.919493 -0.022896
v 0.576022 2.824541 0.060631
v 0.540032 2.726022 0.113045
v 0.510741 2.805088 0.120430
v 0.543635 2.916479 0.054808
v 0.511180 2.991334 0.044436
v 0.541164 3.009893 -0.026913
v 0.491314 3.081145 -0.049768
v 0.491314 3.080184 -0.080360
v 0.481866 3.071406 -0.103035
v 0.454169 3.042979 -0.167777
v 0.402933 3.029867 -0.195238
v 0.321252 3.005677 -0.212690
v 0.372949 3.085035 -0.159161
v 0.299746 3.071427 -0.167123
v 0.418364 3.109198 -0.100685
v 0.424324 3.118932 -0.082132
v 0.424324 3.119930 -0.050408
v 0.482582 3.073219 -0.025437
v 0.454169 3.049500 0.039836
v 0.418757 3.109235 -0.023749
v 0.352021 3.136060 -0.053365
v 0.352021 3.135217 -0.080217
v 0.347586 3.121022 -0.104661
v 0.293185 3.116190 -0.109849
v 0.291776 3.133441 -0.079330
v 0.291106 3.134182 -0.053582
v 0.345668 3.122727 -0.024587
v 0.292030 3.116747 -0.017791
v 0.298337 3.080073 0.036055
v 0.376876 3.090258 0.029887
v 0.398683 3.039530 0.068991
v 0.437514 2.964712 0.103352
v 0.475768 2.890917 0.117272
v 0.434488 2.784880 0.151109
v 0.396650 2.862972 0.148864
v 0.354978 2.939493 0.128226
v 0.319219 3.018156 0.085979
v 0.458974 2.709847 0.141841
v 0.472926 2.700438 0.138092
v 0.468768 2.688683 -0.222908
v 0.534603 2.716380 -0.199096
v 0.454631 2.697551 -0.227578
v 0.534419 2.801124 -0.182298
v 0.592192 2.733624 -0.151127
v 0.426357 2.771651 -0.238410
v 0.581427 2.868061 -0.056317
v 0.623723 2.738593 -0.082758
v 0.633263 2.741963 -0.049004
v 0.624023 2.741210 -0.017782
v 0.589720 2.737045 0.048217
v 0.530676 2.810378 0.075542
v 0.530099 2.723592 0.095233
v 0.451998 2.708962 0.122525
v 0.466412 2.698535 0.118693
v 0.427396 2.782892 0.131943
v 0.481265 2.932979 0.065036
v 0.391291 2.857703 0.129732
v 0.352321 2.930986 0.109702
v 0.420305 3.032023 0.039668
v 0.318757 3.006710 0.068912
v 0.500947 3.030893 -0.063259
v 0.482443 2.924933 -0.182975
v 0.392608 2.851799 -0.242201
v 0.349849 2.928082 -0.226199
v 0.422430 3.024800 -0.166052
v 0.320628 2.995372 -0.194917
v 0.383275 3.101623 -0.063723
v 0.374451 3.074483 0.016956
v 0.299029 3.064871 0.022250
v 0.292677 3.099041 -0.028212
v 0.292123 3.113873 -0.065865
v 0.293624 3.099147 -0.098359
v 0.300485 3.057216 -0.152300
v 0.370778 3.069985 -0.145352
v 0.107715 3.165129 0.267247
v 0.119381 3.164797 0.267697
v 0.123123 3.180650 0.215452
v 0.107646 3.181094 0.214837
v 0.098152 3.158689 0.265325
v 0.094941 3.172554 0.212287
v 0.094340 3.147975 0.262657
v 0.089859 3.158299 0.208760
v 0.097736 3.137038 0.260273
v 0.094387 3.143778 0.205588
v 0.107045 3.130066 0.259081
v 0.106745 3.134531 0.204006
v 0.118688 3.129736 0.259554
v 0.122222 3.134088 0.204620
v 0.128251 3.136174 0.261479
v 0.134927 3.142628 0.207173
v 0.132063 3.146887 0.264124
v 0.139986 3.156860 0.210700
v 0.128690 3.157825 0.266508
v 0.135481 3.171404 0.213872
v 0.113190 3.147340 0.263763
v 0.187249 2.140296 -0.357548
v 0.187249 2.130961 -0.317756
v 0.131000 2.127383 -0.317645
v 0.131000 2.137145 -0.359251
v 0.187249 2.168272 -0.387338
v 0.000000 2.136225 -0.359824
v 0.000000 2.126597 -0.317620
v -0.131000 2.127383 -0.317645
v -0.131000 2.137145 -0.359251
v 0.000000 2.165983 -0.391057
v 0.131000 2.166397 -0.390376
v 0.187249 2.207399 -0.399154
v 0.131000 2.207286 -0.402732
v 0.187249 2.247189 -0.389817
v 0.000000 2.207263 -0.403517
v -0.131000 2.166397 -0.390376
v -0.187249 2.168272 -0.387338
v -0.187249 2.140296 -0.357548
v -0.187249 2.130961 -0.317756
v -0.187249 2.207399 -0.399154
v -0.131000 2.207286 -0.402732
v -0.187249 2.247189 -0.389817
v 0.000000 2.249263 -0.393672
v 0.131000 2.248893 -0.392968
v 0.187249 2.276981 -0.361840
v 0.131000 2.280019 -0.363739
v 0.187249 2.288794 -0.322716
v 0.000000 2.280698 -0.364153
v -0.131000 2.248893 -0.392968
v -0.187249 2.276981 -0.361840
v -0.131000 2.280019 -0.363739
v -0.187249 2.288794 -0.322716
v 0.000000 2.293158 -0.322852
v 0.131000 2.292372 -0.322827
v 0.187249 2.279459 -0.282924
v 0.131000 2.282610 -0.281244
v 0.187249 2.251483 -0.253134
v 0.000000 2.283315 -0.280873
v -0.131000 2.292372 -0.322827
v -0.187249 2.279459 -0.282924
v -0.131000 2.282610 -0.281244
v -0.187249 2.251483 -0.253134
v 0.000000 2.253772 -0.249438
v 0.131000 2.253382 -0.250096
v 0.187249 2.212356 -0.241318
v 0.131000 2.212469 -0.237740
v 0.187249 2.172567 -0.250653
v 0.000000 2.212495 -0.236955
v -0.131000 2.253382 -0.250096
v -0.187249 2.212356 -0.241318
v -0.131000 2.212469 -0.237740
v -0.187249 2.172567 -0.250653
v 0.000000 2.170513 -0.246823
v 0.131000 2.170885 -0.247505
v 0.187249 2.142774 -0.278630
v 0.131000 2.139737 -0.276756
v 0.000000 2.139081 -0.276343
v -0.131000 2.170885 -0.247505
v -0.187249 2.142774 -0.278630
v -0.131000 2.139737 -0.276756
v 0.187225 2.155084 -0.286250
v 0.187225 2.145438 -0.318211
v 0.171864 2.151832 -0.318412
v 0.171864 2.160524 -0.289634
v 0.187225 2.179399 -0.263418
v 0.171864 2.182435 -0.269059
v 0.187225 2.211901 -0.255795
v 0.171864 2.211700 -0.262192
v 0.187225 2.243862 -0.265444
v 0.171864 2.240478 -0.270884
v 0.187225 2.266717 -0.289757
v 0.171864 2.261076 -0.292792
v 0.187225 2.274340 -0.322261
v 0.171864 2.267923 -0.322060
v 0.187225 2.264694 -0.354222
v 0.171864 2.259254 -0.350838
v 0.187225 2.240356 -0.377077
v 0.171864 2.237320 -0.371434
v 0.187225 2.207852 -0.384700
v 0.171864 2.208055 -0.378281
v 0.187225 2.175893 -0.375051
v 0.171864 2.179275 -0.369611
v 0.187225 2.153061 -0.350715
v 0.171864 2.158702 -0.347680
v -0.171864 2.151832 -0.318412
v -0.187225 2.145438 -0.318211
v -0.187225 2.155084 -0.286250
v -0.171864 2.160524 -0.289634
v -0.187225 2.179399 -0.263418
v -0.171864 2.182435 -0.269059
v -0.187225 2.211901 -0.255795
v -0.171864 2.211700 -0.262192
v -0.187225 2.243862 -0.265444
v -0.171864 2.240478 -0.270884
v -0.187225 2.266717 -0.289757
v -0.171864 2.261076 -0.292792
v -0.187225 2.274340 -0.322261
v -0.171864 2.267923 -0.322060
v -0.187225 2.264694 -0.354222
v -0.171864 2.259254 -0.350838
v -0.187225 2.240356 -0.377077
v -0.171864 2.237320 -0.371434
v -0.187225 2.207852 -0.384700
v -0.171864 2.208055 -0.378281
v -0.187225 2.175893 -0.375051
v -0.171864 2.179275 -0.369611
v -0.187225 2.153061 -0.350715
v -0.171864 2.158702 -0.347680
v 0.170386 2.209877 -0.320235
v -0.170386 2.209877 -0.320235
v -0.123146 3.180650 0.215452
v -0.119381 3.164797 0.267697
v -0.107738 3.165129 0.267247
v -0.107646 3.181094 0.214837
v -0.098175 3.158689 0.265325
v -0.094941 3.172554 0.212287
v -0.094363 3.147975 0.262657
v -0.089882 3.158299 0.208760
v -0.097736 3.137038 0.260273
v -0.094387 3.143778 0.205588
v -0.107045 3.130066 0.259081
v -0.106745 3.134531 0.204006
v -0.118711 3.129736 0.259554
v -0.122222 3.134088 0.204620
v -0.128274 3.136174 0.261479
v -0.134927 3.142628 0.207173
v -0.132086 3.146887 0.264124
v -0.140009 3.156860 0.210700
v -0.128690 3.157825 0.266508
v -0.135505 3.171404 0.213872
v -0.113190 3.147340 0.263763
v 0.372557 2.485278 0.004403
v 0.353338 2.407172 -0.011494
v 0.330053 2.394611 -0.017757
v 0.334973 2.497914 -0.002464
v 0.351305 2.611367 0.016690
v 0.388912 2.599681 0.025006
v 0.280757 3.082399 -0.031896
v 0.181058 3.081267 -0.031189
v 0.187503 3.122961 -0.034857
v 0.266782 3.102940 -0.024730
v 0.273943 3.100461 -0.022686
v 0.195657 3.115797 0.063800
v 0.188842 3.079477 0.115669
v 0.254862 3.064612 0.110335
v 0.261654 3.100868 0.061634
v 0.200993 3.139750 0.009659
v 0.267105 3.125342 0.010042
v 0.204805 3.151159 -0.044317
v 0.271055 3.137546 -0.042134
v 0.206514 3.150937 -0.103615
v 0.273296 3.137567 -0.098849
v 0.204758 3.133196 -0.157045
v 0.270409 3.118230 -0.150866
v 0.197990 3.099422 -0.203663
v 0.263201 3.083757 -0.196121
v 0.191615 3.069609 -0.230854
v 0.256664 3.052646 -0.222739
v 0.186694 3.042249 -0.252827
v 0.251420 3.023739 -0.243949
v 0.187595 3.118371 0.039751
v 0.178263 3.065254 0.121225
v 0.186394 3.070674 0.112733
v 0.195056 3.119140 0.034805
v 0.194687 3.143746 -0.044107
v 0.201686 3.142436 -0.045384
v 0.195911 3.142898 -0.102760
v 0.202980 3.142145 -0.102483
v 0.189997 3.108622 -0.180055
v 0.197343 3.109031 -0.176578
v 0.176299 3.033390 -0.251579
v 0.183899 3.036546 -0.246014
v 0.263733 3.103545 0.034302
v 0.253084 3.055642 0.107312
v 0.258743 3.047091 0.113960
v 0.269924 3.101875 0.039254
v 0.270663 3.128313 -0.043229
v 0.277454 3.126562 -0.041603
v 0.272395 3.127278 -0.098225
v 0.278840 3.124256 -0.097322
v 0.265280 3.092566 -0.169565
v 0.272141 3.090099 -0.173049
v 0.249295 3.017809 -0.237015
v 0.255047 3.010256 -0.240521
v 0.183991 3.107553 0.034544
v 0.175352 3.053092 0.116683
v 0.187618 3.127832 -0.079893
v 0.186140 3.099308 -0.174192
v 0.171679 3.024513 -0.239907
v 0.255832 3.032732 0.104935
v 0.271309 3.085222 -0.166447
v 0.251143 2.997763 -0.234328
v 0.275514 3.109260 -0.082522
v 0.265696 3.083820 0.031684
v 0.186071 3.093122 -0.071683
v 0.282860 3.085920 -0.075802
v 0.281104 3.106285 -0.083769
v 0.098383 2.914603 -0.350738
v 0.000000 2.914770 -0.351323
v 0.000000 2.936137 -0.320748
v 0.108455 2.933982 -0.310648
v 0.000000 2.989195 -0.286382
v 0.228020 2.929872 -0.281053
v 0.200993 2.912014 -0.350750
v 0.237999 2.833122 -0.281942
v 0.207461 2.755047 -0.354277
v 0.300947 2.931533 -0.239228
v 0.110972 2.993443 -0.273249
v 0.000000 3.027634 -0.256807
v 0.095634 3.042582 -0.243709
v 0.147286 3.070031 -0.215982
v 0.176253 3.103998 -0.172051
v 0.284384 3.009003 -0.213441
v 0.280295 3.084298 -0.163506
v 0.288173 3.073360 -0.152647
v 0.295980 3.007384 -0.194347
v 0.312266 2.935670 -0.228172
v 0.343012 2.838667 -0.234970
v 0.333079 2.825871 -0.243557
v 0.371610 2.746444 -0.180764
v 0.362601 2.727389 -0.198101
v 0.374243 2.715410 -0.127673
v 0.240933 2.741857 -0.282658
v 0.240148 2.651753 -0.277308
v 0.308223 2.583321 -0.205871
v 0.366250 2.673633 -0.139905
v 0.358165 2.675299 -0.040533
v 0.347609 2.651589 -0.041938
v 0.335643 2.556495 -0.138745
v 0.330653 2.518962 -0.050436
v 0.327789 2.447461 -0.050270
v 0.326334 2.452765 -0.125733
v 0.291730 2.450533 -0.190838
v 0.220720 2.446119 -0.246745
v 0.231832 2.557271 -0.267800
v 0.205036 2.594770 -0.357888
v 0.110395 2.545467 -0.309514
v 0.116655 2.436590 -0.279378
v 0.000000 2.541596 -0.317992
v 0.000000 2.433622 -0.291487
v 0.100346 2.584500 -0.358211
v 0.000000 2.582324 -0.358283
v 0.097782 2.882018 -0.351427
v 0.000000 2.882436 -0.351346
v 0.171772 2.878294 -0.351494
v 0.176022 2.754513 -0.354354
v 0.175260 2.625691 -0.357195
v 0.098706 2.617158 -0.357412
v 0.000000 2.615146 -0.357396
v 0.168468 2.628563 -0.345243
v 0.095842 2.624222 -0.344437
v 0.000000 2.622231 -0.344536
v 0.167544 2.753668 -0.341478
v 0.165119 2.874134 -0.339715
v 0.095010 2.873839 -0.338805
v 0.000000 2.874278 -0.338842
v 0.000000 2.570630 0.315666
v 0.000000 2.550443 0.279300
v 0.010233 2.550235 0.277087
v 0.103326 2.550827 0.305426
v 0.084246 2.538440 0.262088
v 0.012682 2.551185 0.268275
v 0.109910 2.528891 0.254576
v 0.187872 2.506288 0.289169
v 0.173666 2.487651 0.233685
v 0.113352 2.528683 0.241363
v 0.229891 2.455364 0.216766
v 0.283368 2.453028 0.235835
v 0.219681 2.457011 0.211790
v 0.255093 2.448097 0.205369
v 0.256294 2.439170 0.187554
v 0.350681 2.421876 0.118162
v 0.306283 2.419478 0.133837
v 0.335389 2.403610 0.048799
v 0.377084 2.678297 0.061502
v 0.368422 2.654654 0.066683
v 0.369253 2.756726 0.139213
v 0.000000 2.420517 -0.270161
v 0.114229 2.426442 -0.261009
v 0.206375 2.433155 -0.210676
v 0.265327 2.437778 -0.162818
v 0.303234 2.442966 -0.107306
v 0.293578 2.367736 -0.085992
v 0.329337 2.345117 -0.019575
v 0.252645 2.370527 -0.152455
v 0.196927 2.368528 -0.198385
v 0.111296 2.363638 -0.246627
v 0.000000 2.356255 -0.255800
v 0.000000 2.292435 -0.262739
v 0.116863 2.291120 -0.247976
v 0.196558 2.292793 -0.198385
v 0.255301 2.290626 -0.149667
v 0.295934 2.288076 -0.086585
v 0.329776 2.283661 -0.017438
v 0.000000 2.097783 0.251247
v 0.000000 2.011033 0.244267
v 0.029198 2.098600 0.242024
v 0.110164 1.999779 0.224442
v 0.132363 2.099665 0.227360
v 0.095495 1.884043 0.223918
v 0.000000 1.880834 0.238002
v 0.000000 1.798628 0.221079
v 0.086671 1.799640 0.206972
v 0.000000 1.737672 0.196461
v 0.136290 1.879913 0.200522
v 0.207669 1.990220 0.193798
v 0.249734 2.101583 0.178767
v 0.253938 2.045071 0.172731
v 0.306768 2.084094 0.115690
v 0.309170 2.111583 0.121114
v 0.344490 2.108374 0.074158
v 0.339200 2.119272 0.070164
v 0.358928 2.122453 -0.014707
v 0.337722 2.103826 -0.072086
v 0.329244 2.128788 -0.117660
v 0.332293 2.003645 -0.093922
v 0.358004 2.006808 -0.072735
v 0.279626 2.021472 -0.174587
v 0.279140 2.127709 -0.180697
v 0.208501 2.022114 -0.222584
v 0.211157 2.134574 -0.226280
v 0.132317 2.023481 -0.253344
v 0.125641 2.132557 -0.250762
v 0.000000 2.132160 -0.267089
v 0.000000 2.025514 -0.261496
v 0.140101 1.889908 -0.255250
v 0.000000 1.887986 -0.262700
v 0.220582 1.913902 -0.220526
v 0.287479 1.944630 -0.168660
v 0.335735 1.913588 -0.086354
v 0.376368 1.911721 -0.073631
v 0.356063 1.891583 -0.071727
v 0.307299 1.875526 -0.128932
v 0.268099 1.833512 -0.173744
v 0.191430 1.809458 -0.215513
v 0.111042 1.803327 -0.226715
v 0.000000 1.797032 -0.228503
v 0.084130 1.745304 -0.191843
v 0.000000 1.742916 -0.194310
v 0.129429 1.759053 -0.197082
v 0.230238 1.756180 -0.172284
v 0.292608 1.783604 -0.143171
v 0.342157 1.810490 -0.084019
v 0.372580 1.834205 -0.017764
v 0.377639 1.860382 0.028353
v 0.366458 1.896471 0.075801
v 0.382628 1.917850 0.076561
v 0.345276 1.926408 0.095198
v 0.363132 2.014468 0.076970
v 0.319819 2.022936 0.114768
v 0.303696 1.992932 0.142567
v 0.270663 2.012668 0.182299
v 0.262300 2.028882 0.177515
v 0.226195 1.985258 0.185193
v 0.313282 2.053504 0.115242
v 0.216932 1.987727 0.189508
v 0.172880 1.874105 0.190765
v 0.154585 1.877009 0.195643
v 0.101848 1.793777 0.190977
v 0.117025 1.787889 0.174985
v 0.047956 1.733916 0.122507
v 0.063640 1.688220 0.115715
v 0.038923 1.643881 0.037420
v 0.041973 1.704798 0.026933
v 0.052437 1.648548 -0.032594
v 0.045253 1.638977 -0.034142
v 0.026588 1.685729 -0.068034
v 0.000000 1.717628 0.028494
v 0.000000 1.681479 -0.067232
v 0.000000 1.738876 0.139871
v 0.048071 1.744507 0.191878
v 0.143844 1.710322 -0.154042
v 0.074405 1.712696 -0.149794
v 0.086740 1.670885 -0.107967
v 0.000000 1.708686 -0.153853
v 0.147840 1.464656 -0.129501
v 0.089097 1.451939 -0.000926
v 0.057865 1.560051 -0.016477
v 0.123885 1.587668 -0.145289
v 0.255001 1.499950 -0.189727
v 0.235204 1.640363 -0.203361
v 0.302287 1.509151 -0.188930
v 0.145969 1.697085 -0.170776
v 0.084523 1.660278 -0.119746
v 0.220951 1.738568 -0.203973
v 0.281381 1.651867 -0.204991
v 0.381127 1.667293 -0.114141
v 0.394710 1.523579 -0.105606
v 0.429960 1.527903 0.028420
v 0.414899 1.676961 0.026605
v 0.410140 1.543658 0.131904
v 0.395541 1.707751 0.128298
v 0.361746 1.548742 0.207688
v 0.382305 1.807436 0.118164
v 0.338045 1.725244 0.207713
v 0.303880 1.550490 0.250090
v 0.290667 1.724900 0.240912
v 0.326819 1.858019 0.187803
v 0.353961 1.932352 0.120319
v 0.373874 1.886577 0.081659
v 0.382975 1.847762 0.029744
v 0.377385 1.811724 -0.045530
v 0.309725 1.994630 0.159848
v 0.281704 1.869451 0.219155
v 0.232732 1.854722 0.220425
v 0.242296 1.713773 0.242765
v 0.254516 1.541253 0.245156
v 0.143705 1.657903 0.203428
v 0.163225 1.514332 0.207013
v 0.074613 1.592627 0.120728
v 0.104989 1.479767 0.128619
v 0.349919 1.788797 -0.119089
v 0.259598 1.756635 -0.202691
v 0.000000 3.087662 0.125327
v 0.000000 3.022942 0.122830
v 0.067360 3.031563 0.116228
v 0.061723 3.091863 0.120758
v 0.119335 3.028456 0.078423
v 0.049480 3.166661 0.127677
v 0.111319 3.100614 0.094715
v 0.156295 3.060503 0.018527
v 0.150635 3.122300 0.038335
v 0.169600 3.142480 -0.041734
v 0.157380 3.216802 -0.014670
v 0.137283 3.191826 0.052491
v 0.099884 3.178502 0.101419
v 0.000000 3.165647 0.135865
v 0.128944 3.240325 -0.106028
v 0.139686 3.163434 -0.129590
v 0.151513 3.107613 -0.149678
v 0.172118 3.096638 -0.153238
v 0.137676 3.068867 -0.206677
v 0.092839 3.043926 -0.229560
v 0.075930 3.099359 -0.188038
v 0.000000 3.026753 -0.239953
v 0.000000 3.089188 -0.199135
v 0.059921 3.167929 -0.166710
v 0.056272 3.246363 -0.144097
v 0.000000 3.247359 -0.150669
v 0.000000 3.165552 -0.175465
v 0.000000 3.038086 0.151731
v 0.074521 3.045811 0.139423
v 0.124440 3.055751 0.122539
v 0.165950 3.078865 0.091770
v 0.165304 3.054622 0.042426
v 0.554331 2.443467 -0.155324
v 0.505174 2.428011 -0.097015
v 0.426380 2.538318 -0.107458
v 0.472095 2.569999 -0.172309
v 0.600046 2.458695 -0.187812
v 0.434303 2.652106 -0.171099
v 0.382005 2.607893 -0.104190
v 0.385816 2.672843 -0.106230
v 0.412682 2.716484 -0.176634
v 0.393162 2.745645 -0.177528
v 0.398129 2.846742 -0.222189
v 0.391845 2.934160 -0.201984
v 0.387248 3.000318 -0.170644
v 0.366920 3.064492 -0.107555
v 0.347239 3.056989 -0.000614
v 0.284707 3.073099 0.012678
v 0.285793 3.034476 0.061061
v 0.342365 3.017950 0.051481
v 0.298775 2.973820 0.097540
v 0.442504 3.023751 -0.025038
v 0.452575 3.010900 -0.099332
v 0.452945 2.967297 -0.152134
v 0.442943 2.918283 -0.187225
v 0.425317 2.831718 -0.204569
v 0.450843 2.779618 -0.198863
v 0.475467 2.729323 -0.209371
v 0.525895 2.611259 -0.209729
v 0.633956 2.473599 -0.190083
v 0.559366 2.632709 -0.208833
v 0.694132 2.498410 -0.133776
v 0.505382 2.741928 -0.208311
v 0.517278 2.823271 -0.168918
v 0.486925 2.884319 -0.170720
v 0.508339 2.916999 -0.131002
v 0.518918 2.944626 -0.080679
v 0.520928 2.947678 -0.028426
v 0.431970 2.969819 0.049596
v 0.344190 2.965474 0.087127
v 0.325502 2.883476 0.128321
v 0.354654 2.883236 0.114831
v 0.454978 2.882318 0.074577
v 0.501201 2.910018 0.030788
v 0.560452 2.849801 -0.044580
v 0.548163 2.837602 -0.123954
v 0.580549 2.773735 -0.135285
v 0.633656 2.670528 -0.135740
v 0.721967 2.518066 -0.040702
v 0.653938 2.686913 -0.040896
v 0.605058 2.782809 -0.043631
v 0.531439 2.831124 0.026658
v 0.483298 2.796814 0.067487
v 0.410233 2.778242 0.109000
v 0.384407 2.759937 0.125916
v 0.385724 2.697484 0.055052
v 0.432940 2.757551 0.097032
v 0.413860 2.709468 0.061333
v 0.378424 2.677810 -0.037860
v 0.381866 2.598865 -0.017863
v 0.423307 2.628105 0.049952
v 0.448925 2.671074 0.073632
v 0.473065 2.734536 0.097154
v 0.505220 2.753099 0.096593
v 0.577893 2.775622 0.035126
v 0.628967 2.671113 0.038109
v 0.690043 2.505962 0.039645
v 0.564333 2.638755 0.100532
v 0.635666 2.483689 0.091375
v 0.529729 2.611993 0.106526
v 0.472303 2.561104 0.062458
v 0.431115 2.525645 -0.009877
v 0.506929 2.429418 0.002206
v 0.550565 2.449903 0.058323
v 0.602356 2.470166 0.093532
v 0.684938 2.492994 0.023412
v 0.643335 2.469392 0.051957
v 0.607876 2.454922 0.058490
v 0.560937 2.437496 0.030518
v 0.527673 2.423892 -0.013338
v 0.521321 2.418369 -0.089824
v 0.638045 2.471765 -0.155774
v 0.583044 2.443125 -0.161831
v 0.673989 2.357805 0.058443
v 0.613143 2.335565 0.053733
v 0.682651 2.355980 0.079069
v 0.747886 2.395020 0.048284
v 0.744490 2.483040 -0.018339
v 0.760082 2.447440 -0.003816
v 0.756848 2.498766 -0.045179
v 0.737444 2.504680 -0.067343
v 0.767336 2.518655 -0.058745
v 0.773827 2.510882 -0.097237
v 0.731531 2.492649 -0.099369
v 0.759366 2.498154 -0.104393
v 0.722799 2.465514 -0.146564
v 0.708754 2.471028 -0.135088
v 0.662138 2.434269 -0.167886
v 0.666250 2.426052 -0.179297
v 0.603349 2.396403 -0.170371
v 0.611827 2.389009 -0.187218
v 0.662901 2.419231 -0.193344
v 0.520836 2.388542 -0.026994
v 0.503603 2.378071 -0.025581
v 0.552621 2.357997 0.006390
v 0.499214 2.370326 -0.064650
v 0.515523 2.373601 -0.076632
v 0.537214 2.397512 -0.111494
v 0.593185 2.419764 -0.166112
v 0.553129 2.376655 -0.133164
v 0.650080 2.453017 -0.161841
v 0.701455 2.484731 -0.134432
v 0.697643 2.222818 -0.104735
v 0.655855 2.210966 -0.073742
v 0.763432 2.113960 -0.059230
v 0.732062 2.103606 -0.027611
v 0.823007 2.018106 -0.022753
v 0.796188 2.009547 0.006450
v 0.827927 2.015237 -0.038311
v 0.769276 2.114329 -0.076900
v 0.704388 2.223514 -0.120866
v 0.759643 2.248043 -0.127900
v 0.766227 2.259552 -0.113261
v 0.802286 2.285775 -0.089242
v 0.828643 2.144426 -0.068623
v 0.822106 2.135764 -0.082494
v 0.873804 2.039441 -0.046976
v 0.878377 2.048044 -0.034280
v 0.862716 2.171042 -0.040940
v 0.908500 2.070358 -0.008147
v 0.839315 2.312035 -0.045668
v 0.853175 2.318496 -0.039378
v 0.850172 2.329076 -0.001252
v 0.838414 2.321222 0.006967
v 0.899445 2.212710 0.030368
v 0.903487 2.200700 0.000492
v 0.889673 2.190559 -0.006031
v 0.938368 2.092303 0.031955
v 0.948255 2.103960 0.034431
v 0.946569 2.110384 0.065313
v 0.887733 2.206129 0.037184
v 0.933517 2.102514 0.073026
v 0.803718 2.303860 0.064158
v 0.847862 2.203038 0.085930
v 0.895356 2.102172 0.120254
v 0.780965 2.169141 0.114844
v 0.835227 2.078524 0.145101
v 0.730399 2.269443 0.097919
v 0.708639 2.450090 0.031185
v 0.645830 2.414449 0.050954
v 0.586093 2.390935 0.033782
v 0.557749 2.370002 0.005251
v 0.627003 2.207519 -0.022303
v 0.612473 2.204504 -0.013056
v 0.620466 2.205556 0.027773
v 0.634788 2.218681 0.038037
v 0.665511 2.233206 0.073659
v 0.730468 2.134352 0.093334
v 0.791983 2.046609 0.131936
v 0.771794 2.021622 0.100157
v 0.712704 2.107692 0.064221
v 0.699560 2.096420 0.057778
v 0.697620 2.091899 0.027921
v 0.710856 2.099282 0.014262
v 0.773157 2.007150 0.045560
v 0.758604 2.002331 0.056967
v 0.756848 2.011465 0.091693
v 0.911965 2.083782 0.065272
v 0.884499 2.084163 0.107577
v 0.846430 2.064257 0.127221
v 0.822244 2.045175 0.110580
v 0.799052 2.027646 0.087418
v 0.796765 2.017256 0.052453
v 0.818941 2.010095 0.001003
v 0.898359 2.059956 0.004290
v 0.873665 2.037552 -0.026925
v 0.852228 2.022629 -0.024490
v 0.817139 2.039843 0.126949
v 0.858789 2.069166 0.137122
v 0.882120 2.050737 0.157438
v 0.896927 2.085692 0.128282
v 0.916931 2.077085 0.073525
v 0.919773 2.057900 0.008744
v 0.908708 2.038527 -0.042231
v 0.924462 2.000146 -0.037558
v 0.884961 2.024722 -0.042467
v 0.851581 2.003595 -0.037436
v 0.860221 1.977141 -0.042314
v 0.888264 1.988025 -0.044550
v 0.908384 1.992185 -0.039367
v 0.948255 1.949256 -0.022093
v 0.962669 1.983248 0.031451
v 0.936659 2.067972 0.020331
v 0.979093 1.989148 0.044948
v 0.933517 2.080254 0.063371
v 0.956733 2.008157 0.109316
v 0.921159 2.018739 0.189365
v 0.967913 1.979139 0.130959
v 0.975120 2.007270 0.096471
v 0.986208 1.973292 0.129501
v 0.967798 1.950388 0.187630
v 0.926102 1.968358 0.192405
v 0.897828 2.009929 0.192948
v 0.868491 2.031479 0.185891
v 0.817809 2.035002 0.148642
v 0.815338 2.023803 0.184306
v 0.857657 2.004694 0.214606
v 0.811480 2.005868 0.218845
v 0.886208 1.970756 0.211372
v 0.907368 1.948395 0.210966
v 0.919241 1.915912 0.220166
v 0.950819 1.932107 0.190561
v 0.994062 1.912144 0.137016
v 0.975305 1.896827 0.141587
v 0.998313 1.898725 0.067362
v 0.991267 1.951853 0.045103
v 0.973111 1.949263 0.032564
v 0.983205 1.898889 0.012978
v 0.979117 1.880844 0.072710
v 0.967359 1.883348 0.011894
v 0.929798 1.939952 -0.026932
v 0.926356 1.908644 -0.028099
v 0.907045 1.941966 -0.040815
v 0.875351 1.926995 -0.036925
v 0.894524 1.887707 -0.024435
v 0.912820 1.847880 -0.009133
v 0.951697 1.866639 -0.010877
v 0.970408 1.844717 0.003470
v 0.948486 1.831017 -0.006685
v 0.984799 1.788596 0.017251
v 0.988310 1.794715 0.043590
v 0.976737 1.849813 0.035503
v 0.977754 1.854888 0.067561
v 0.960452 1.827316 0.053544
v 0.969992 1.786776 0.060850
v 0.965534 1.830169 0.057591
v 0.999930 1.792636 0.086272
v 0.978631 1.778245 0.069598
v 0.984430 1.761430 0.074288
v 1.006790 1.776140 0.090860
v 0.997389 1.798099 0.110829
v 0.981288 1.859381 0.094368
v 0.980272 1.871121 0.127371
v 0.962323 1.835556 0.112798
v 0.979301 1.790465 0.124567
v 1.003510 1.781243 0.115011
v 0.986278 1.773884 0.128646
v 1.027627 1.732809 0.101973
v 1.004365 1.717919 0.089268
v 1.012519 1.702507 0.095251
v 1.033540 1.715960 0.106339
v 1.030029 1.673078 0.108217
v 1.023954 1.737667 0.124932
v 1.005220 1.733315 0.137942
v 1.030352 1.720772 0.128605
v 1.012080 1.716501 0.141266
v 1.022983 1.685443 0.146517
v 1.039592 1.689407 0.135091
v 1.032085 1.667471 0.138670
v 1.040447 1.685919 0.114539
v 1.032247 1.662449 0.122303
v 0.962877 1.836448 0.121342
v 1.003672 1.806369 0.156286
v 0.987109 1.787663 0.142035
v 0.995102 1.772237 0.148298
v 1.010255 1.790493 0.162978
v 0.997042 1.813313 0.179455
v 0.975444 1.877302 0.162354
v 0.963848 1.890393 0.194276
v 0.953221 1.895429 0.216304
v 0.927511 1.890164 0.226708
v 0.968329 1.851243 0.241381
v 0.981542 1.844445 0.217766
v 0.951073 1.856621 0.181562
v 0.952274 1.855062 0.176041
v 0.976252 1.807730 0.193728
v 1.003487 1.796838 0.184687
v 0.984014 1.791885 0.199219
v 1.031207 1.745845 0.180698
v 1.017278 1.731832 0.165029
v 1.025039 1.716954 0.172569
v 1.037236 1.729582 0.186870
v 1.041048 1.684625 0.191102
v 1.023884 1.752084 0.202063
v 1.006074 1.745288 0.213070
v 1.030306 1.735688 0.207616
v 1.013674 1.729148 0.217898
v 1.031831 1.690700 0.229252
v 1.045852 1.689428 0.221873
v 1.036474 1.674233 0.222952
v 1.040285 1.670058 0.204849
v 1.049433 1.685591 0.202742
v 0.971725 1.822377 0.203160
v 0.979394 1.808051 0.212047
v 0.987340 1.828795 0.225701
v 0.999052 1.793934 0.243112
v 0.990251 1.778855 0.229487
v 0.995171 1.764459 0.239185
v 1.003949 1.778554 0.251592
v 1.007414 1.734117 0.266507
v 1.014552 1.743036 0.275957
v 1.007021 1.729728 0.280536
v 0.999629 1.733260 0.293668
v 1.004665 1.748587 0.295960
v 0.991729 1.740419 0.298572
v 0.992237 1.785538 0.277466
v 0.986578 1.801086 0.269189
v 0.973711 1.835824 0.250069
v 0.945991 1.843851 0.251088
v 0.952251 1.828460 0.259175
v 0.967867 1.791964 0.278258
v 0.974797 1.776408 0.285565
v 0.899144 1.896219 0.214223
v 0.879070 1.920000 0.207582
v 0.866158 1.937646 0.210194
v 0.850981 1.946974 0.214315
v 0.842480 1.945637 0.231298
v 0.839777 1.976946 0.241384
v 0.806259 1.987692 0.245068
v 0.834788 1.960934 0.276810
v 0.837398 1.932613 0.267715
v 0.831554 1.949601 0.300116
v 0.834072 1.924272 0.292058
v 0.829405 1.916351 0.318748
v 0.830607 1.942151 0.317544
v 0.821436 1.933576 0.342541
v 0.815915 1.916517 0.342407
v 0.798844 1.919883 0.344382
v 0.805127 1.938972 0.345077
v 0.801016 1.949467 0.326743
v 0.799653 1.961111 0.303058
v 0.802078 1.972061 0.280111
v 0.204227 0.777895 -0.157664
v 0.206306 0.642291 -0.025551
v 0.173158 0.775342 -0.018960
v 0.223077 0.640374 -0.140979
v 0.234673 0.515278 -0.018649
v 0.325387 0.642727 -0.202899
v 0.329060 0.789329 -0.226248
v 0.376784 0.791436 -0.215128
v 0.373827 0.641344 -0.199133
v 0.332432 0.518145 -0.187870
v 0.243636 0.511827 -0.125569
v 0.260152 0.370055 -0.109584
v 0.253407 0.378681 -0.016784
v 0.245899 0.221882 -0.035479
v 0.252668 0.207313 -0.098325
v 0.269716 0.190665 -0.093409
v 0.267267 0.205858 -0.026193
v 0.295172 0.205779 -0.147156
v 0.278193 0.220120 -0.152691
v 0.323770 0.253693 -0.194862
v 0.348972 0.230552 -0.172987
v 0.360406 0.256870 -0.195978
v 0.333079 0.383217 -0.172536
v 0.367937 0.516278 -0.181062
v 0.414275 0.640764 -0.170549
v 0.433125 0.793947 -0.184444
v 0.457103 0.644520 -0.080372
v 0.481866 0.796107 -0.068609
v 0.402610 0.514518 -0.152534
v 0.359690 0.381307 -0.168595
v 0.406444 0.378279 -0.134017
v 0.418410 0.238297 -0.150790
v 0.408015 0.219554 -0.148630
v 0.437514 0.203897 -0.087147
v 0.453268 0.223324 -0.085260
v 0.439293 0.216759 -0.022007
v 0.438715 0.383601 -0.057339
v 0.439316 0.515645 -0.077595
v 0.425641 0.518258 0.017334
v 0.440448 0.647712 0.029330
v 0.459598 0.788846 0.037930
v 0.373850 0.649413 0.108480
v 0.375722 0.782577 0.123109
v 0.371771 0.512164 0.089702
v 0.416747 0.397435 0.021153
v 0.427650 0.267577 0.038891
v 0.454054 0.236392 -0.028286
v 0.419080 0.245260 0.025216
v 0.378286 0.248020 0.071860
v 0.385678 0.270677 0.100802
v 0.328713 0.247057 0.085341
v 0.377108 0.393931 0.080289
v 0.341649 0.393652 0.080922
v 0.336220 0.514035 0.089644
v 0.335181 0.647699 0.107655
v 0.327974 0.785733 0.124927
v 0.271956 0.648267 0.056537
v 0.259575 0.781773 0.068106
v 0.289720 0.517555 0.047240
v 0.300046 0.384687 0.041289
v 0.338022 0.269799 0.108224
v 0.273412 0.257671 0.046597
v 0.286001 0.238720 0.042918
v 0.260845 0.104696 -0.003511
v 0.261838 0.030515 -0.014285
v 0.265373 0.027064 0.047276
v 0.269508 0.137461 0.102236
v 0.259113 0.017609 0.133987
v 0.278863 0.188623 0.060090
v 0.264610 0.174373 -0.016886
v 0.321552 0.214024 0.116031
v 0.316170 0.174054 0.170189
v 0.264726 0.112532 0.176073
v 0.259020 0.027369 0.262203
v 0.267914 0.103375 0.260510
v 0.290621 0.039397 0.345673
v 0.287780 0.095953 0.331788
v 0.342550 0.052541 0.385983
v 0.324694 0.136417 0.305163
v 0.317925 0.143698 0.248542
v 0.427627 0.139628 0.222023
v 0.416447 0.167667 0.148549
v 0.401339 0.205745 0.103373
v 0.434927 0.186743 0.054696
v 0.450334 0.171797 -0.009848
v 0.464518 0.100030 -0.006346
v 0.472233 0.095410 0.104805
v 0.474659 0.088561 0.203867
v 0.455024 0.088355 0.296641
v 0.425456 0.127551 0.291460
v 0.393000 0.117953 0.357466
v 0.348094 0.122374 0.360633
v 0.342342 0.095015 0.377715
v 0.403696 0.097692 0.363603
v 0.405012 0.048434 0.369242
v 0.457611 0.030434 0.300240
v 0.485608 0.018635 0.203451
v 0.483437 0.019711 0.102351
v 0.471794 0.026031 0.029120
v 0.464056 0.029531 -0.024306
v 0.448371 0.098686 -0.096992
v 0.453314 0.010716 -0.071464
v 0.441741 0.156985 -0.093601
v 0.406583 0.170048 -0.158214
v 0.412243 0.100402 -0.174031
v 0.422199 0.008120 -0.154144
v 0.346569 0.101497 -0.197269
v 0.352645 0.007094 -0.186791
v 0.293901 0.007810 -0.163957
v 0.288473 0.100381 -0.164414
v 0.268099 0.009282 -0.117110
v 0.343289 0.172800 -0.179540
v 0.292053 0.165909 -0.153139
v 0.262370 0.106001 -0.096574
v 0.260406 0.011123 -0.058489
v 0.267406 0.167535 -0.092499
v 0.254654 2.373312 0.193019
v 0.308916 2.365992 0.130640
v 0.251259 2.275939 0.194299
v 0.306214 2.280758 0.136600
v 0.331531 2.281407 0.071867
v 0.335042 2.355250 0.053625
v 0.227489 2.372492 0.221379
v 0.251120 2.371106 0.208850
v 0.227443 2.274888 0.220492
v 0.253546 2.274701 0.210839
v 0.218988 2.371961 0.211065
v 0.217671 2.275285 0.216159
v 0.111019 2.373393 0.256664
v 0.114576 2.372980 0.243504
v 0.119681 2.274123 0.258651
v 0.124648 2.274322 0.245101
v -0.254654 2.373312 0.193019
v -0.256294 2.439170 0.187554
v -0.306283 2.419478 0.133837
v -0.308916 2.365992 0.130640
v -0.251259 2.275939 0.194299
v -0.335389 2.403610 0.048799
v -0.306214 2.280758 0.136600
v -0.331531 2.281407 0.071867
v -0.335042 2.355250 0.053625
v -0.330053 2.394611 -0.017757
v -0.329337 2.345117 -0.019575
v -0.329776 2.283661 -0.017438
v -0.227489 2.372492 0.221379
v -0.229891 2.455364 0.216766
v -0.255093 2.448097 0.205369
v -0.251120 2.371106 0.208850
v -0.227443 2.274888 0.220492
v -0.253546 2.274701 0.210839
v -0.218988 2.371961 0.211065
v -0.219681 2.457011 0.211790
v -0.217671 2.275285 0.216159
v -0.111019 2.373393 0.256664
v -0.112820 2.528891 0.254576
v -0.116262 2.528683 0.241363
v -0.114576 2.372980 0.243504
v -0.119681 2.274123 0.258651
v -0.124648 2.274322 0.245101
v 0.197551 2.373737 0.238928
v 0.197805 2.439591 0.236974
v 0.154886 2.439974 0.249236
v 0.154816 2.374121 0.251164
v 0.154724 2.291437 0.253601
v 0.197274 2.291053 0.241432
v 0.198152 2.444828 0.223498
v 0.146477 2.445477 0.236743
v 0.147378 2.372809 0.238055
v 0.147170 2.286320 0.241559
v 0.197274 2.284634 0.226889
v 0.197413 2.372375 0.224248
v -0.171055 2.390663 0.232525
v -0.211573 2.387574 0.213671
v -0.210187 2.384548 0.235052
v -0.174659 2.386295 0.245096
v -0.145415 2.385114 0.253061
v -0.139478 2.388413 0.241148
v -0.134419 2.368244 0.239864
v -0.141326 2.368635 0.253047
v -0.145391 2.352190 0.254096
v -0.138161 2.347251 0.242580
v -0.214922 2.367482 0.214904
v -0.210834 2.347394 0.215512
v -0.209540 2.351629 0.236249
v -0.213051 2.368059 0.234738
v -0.171725 2.344860 0.233387
v -0.175237 2.349487 0.246092
v 0.164287 0.938243 -0.028884
v 0.197620 0.941404 -0.140866
v 0.160453 0.991099 -0.031053
v 0.317694 0.957504 -0.218380
v 0.361654 0.960399 -0.212347
v 0.422568 0.961939 -0.170610
v 0.470085 0.960168 -0.046052
v 0.455717 0.972651 0.043065
v 0.366297 0.958615 0.142931
v 0.305890 0.955527 0.146865
v 0.203580 0.962464 0.074100
v 0.194872 1.023681 0.093139
v 0.167983 1.051205 -0.004793
v 0.188404 1.077562 0.088235
v 0.182836 1.100796 0.010453
v 0.259852 1.056326 0.176655
v 0.287988 1.014464 0.160938
v 0.372464 1.017705 0.150090
v 0.390529 1.070648 0.169064
v 0.448671 1.032919 0.058344
v 0.293162 1.166959 0.216329
v 0.232086 1.112168 0.179732
v 0.266597 1.191108 0.223615
v 0.343012 1.175032 0.215082
v 0.367036 1.207442 0.219011
v 0.419334 1.117742 0.168787
v 0.442249 1.091759 0.080370
v 0.446269 1.073233 -0.009090
v 0.465557 1.015370 -0.017741
v 0.413513 1.025698 -0.159046
v 0.390967 1.074577 -0.138487
v 0.393462 1.120075 -0.100487
v 0.420767 1.122143 -0.008916
v 0.418780 1.148206 0.074045
v 0.408962 1.129137 0.143077
v 0.384338 1.160493 0.145812
v 0.406745 1.175647 0.097080
v 0.373412 1.184811 0.157043
v 0.424324 1.168671 0.019206
v 0.383067 1.168181 -0.080275
v 0.316770 1.158839 -0.123107
v 0.302772 1.109729 -0.117958
v 0.236636 1.146143 -0.102000
v 0.348440 1.055661 -0.177112
v 0.353453 1.015180 -0.195925
v 0.310949 1.014654 -0.200161
v 0.308246 1.052519 -0.182977
v 0.224324 1.066934 -0.127223
v 0.237722 1.107504 -0.094546
v 0.171564 1.133988 0.011328
v 0.200716 0.999130 -0.130016
v 0.202726 0.968255 0.117946
v 0.203141 1.004404 0.124715
v 0.252113 0.997190 0.164301
v 0.255209 0.962018 0.158494
v 0.307091 0.964346 0.173028
v 0.305613 0.999842 0.178824
v 0.400623 0.970195 0.148138
v 0.397089 1.009313 0.155900
v 0.462855 0.985367 0.077843
v 0.454793 1.021380 0.082372
v 0.361654 1.208996 0.191229
v 0.264449 1.195053 0.199848
v 0.234765 1.120211 0.153248
v 0.230307 1.144623 0.150517
v 0.236590 1.171491 0.164119
v 0.181381 1.145822 0.095244
v 0.186071 1.115936 0.084835
v -0.173250 0.775342 -0.018960
v -0.204504 0.777895 -0.157664
v -0.164287 0.938243 -0.028884
v -0.209748 0.941129 -0.157013
v -0.163248 0.991099 -0.031053
v -0.209078 0.998664 -0.144906
v -0.318041 0.957504 -0.218380
v -0.329660 0.789329 -0.226248
v -0.377431 0.791436 -0.215128
v -0.362069 0.960399 -0.212347
v -0.424994 0.961939 -0.170610
v -0.433795 0.793947 -0.184444
v -0.482559 0.796107 -0.068609
v -0.472534 0.960168 -0.046052
v -0.460267 0.788846 0.037930
v -0.424601 1.023824 -0.149510
v -0.358004 1.015187 -0.197172
v -0.308824 1.014601 -0.202585
v -0.468352 1.017322 -0.013666
v -0.460660 0.954709 0.039908
v -0.449203 1.036197 0.061894
v -0.413028 0.957070 0.104754
v -0.376276 0.782577 0.123109
v -0.361099 0.948828 0.165334
v -0.328482 0.785733 0.124927
v -0.391730 1.067844 0.151102
v -0.344767 1.069906 0.216812
v -0.312682 0.952628 0.164960
v -0.299399 1.070863 0.216320
v -0.247193 1.058266 0.160418
v -0.220582 0.947594 0.080485
v -0.259944 0.781773 0.068106
v -0.186648 1.020041 0.080936
v -0.167983 1.337056 -0.100877
v -0.147840 1.464656 -0.129501
v -0.089097 1.451939 -0.000926
v -0.125872 1.324240 0.026752
v -0.159274 1.210927 -0.012143
v -0.104989 1.479767 0.128619
v -0.149873 1.208684 0.055482
v -0.179649 1.219948 0.137381
v -0.146777 1.339687 0.126339
v -0.228413 1.237617 0.187094
v -0.199884 1.366688 0.196489
v -0.163225 1.514332 0.207013
v -0.274151 1.374630 0.230769
v -0.254516 1.541253 0.245156
v -0.278771 1.254695 0.210594
v -0.340332 1.261024 0.209769
v -0.325017 1.379227 0.228498
v -0.303880 1.550490 0.250090
v -0.361746 1.548742 0.207688
v -0.369046 1.382759 0.194505
v -0.389096 1.253517 0.166463
v -0.417625 1.373956 0.115094
v -0.417117 1.249500 0.119490
v -0.410140 1.543658 0.131904
v -0.429960 1.527903 0.028420
v -0.433933 1.377197 0.029226
v -0.433102 1.249488 0.046341
v -0.420489 1.245485 -0.047272
v -0.397690 1.357756 -0.091614
v -0.383783 1.243958 -0.113555
v -0.394710 1.523579 -0.105606
v -0.316147 1.342406 -0.160882
v -0.310141 1.231223 -0.148168
v -0.271425 1.340338 -0.160494
v -0.206699 1.219322 -0.095123
v -0.255001 1.499950 -0.189727
v -0.302287 1.509151 -0.188930
v 0.125872 1.324240 0.026752
v 0.146777 1.339687 0.126339
v 0.199884 1.366688 0.196489
v 0.274151 1.374630 0.230769
v 0.325017 1.379227 0.228498
v 0.369046 1.382759 0.194505
v 0.341788 1.256019 0.211545
v 0.274798 1.246580 0.212719
v 0.226010 1.223119 0.188381
v 0.170963 1.204746 0.127990
v 0.143543 1.192136 0.029723
v 0.181381 1.158061 0.129503
v 0.154447 1.142480 0.027863
v 0.238623 1.188444 0.188060
v 0.276923 1.205850 0.205817
v 0.346592 1.218088 0.205502
v 0.383483 1.244020 0.178341
v 0.417625 1.373956 0.115094
v 0.433933 1.377197 0.029226
v 0.423307 1.237287 0.109635
v 0.384777 1.193424 0.170062
v 0.333264 1.210387 0.183257
v 0.276923 1.201701 0.184893
v 0.421228 1.183632 0.104779
v 0.439778 1.232094 0.023777
v 0.397690 1.357756 -0.091614
v 0.316147 1.342406 -0.160882
v 0.271425 1.340338 -0.160494
v 0.167983 1.337056 -0.100877
v 0.179949 1.199481 -0.088884
v 0.243474 1.215753 -0.135179
v 0.319981 1.232124 -0.148172
v 0.384199 1.238871 -0.118803
v 0.419334 1.236848 -0.063248
v 0.435135 1.176199 0.021164
v 0.414922 1.180465 -0.066678
v 0.380157 1.186843 -0.121143
v 0.322892 1.184776 -0.142827
v 0.249388 1.172632 -0.131351
v 0.191638 1.151775 -0.087546
v 0.012728 2.466361 0.271864
v 0.068538 2.463298 0.266320
v 0.067637 2.373791 0.269319
v 0.010049 2.462737 0.283003
v 0.000000 2.450367 0.282791
v 0.063225 2.459575 0.279450
v -0.010049 2.462737 0.283003
v -0.010233 2.550235 0.277087
v -0.063225 2.459575 0.279450
v -0.050266 2.449044 0.280451
v -0.064703 2.374137 0.280354
v -0.051467 2.374211 0.282664
v -0.050266 2.300097 0.285015
v -0.063040 2.289034 0.283052
v 0.000000 2.288006 0.285694
v 0.000000 2.298942 0.287270
v 0.050266 2.300097 0.285015
v 0.063040 2.289034 0.283052
v 0.064703 2.374137 0.280354
v 0.051467 2.374211 0.282664
v 0.050266 2.449044 0.280451
v 0.000000 2.447523 0.294551
v 0.049827 2.447115 0.297013
v -0.049827 2.447115 0.297013
v 0.066898 2.286339 0.271534
v 0.048579 2.374581 0.294484
v 0.048094 2.302342 0.296198
v -0.012728 2.466361 0.271864
v -0.012682 2.551185 0.268275
v -0.084246 2.538440 0.262088
v -0.068538 2.463298 0.266320
v -0.067637 2.373791 0.269319
v -0.066898 2.286339 0.271534
v -0.048579 2.374581 0.294484
v -0.048094 2.302342 0.296198
v -0.353338 2.407172 -0.011494
v -0.372557 2.485278 0.004403
v -0.334973 2.497914 -0.002464
v -0.351305 2.611367 0.016690
v -0.388912 2.599681 0.025006
v -0.187503 3.122961 -0.034857
v -0.181058 3.081267 -0.031189
v -0.280757 3.082399 -0.031896
v -0.266782 3.102940 -0.024730
v -0.273943 3.100461 -0.022686
v -0.254862 3.064612 0.110335
v -0.188842 3.079477 0.115669
v -0.195657 3.115797 0.063800
v -0.261654 3.100868 0.061634
v -0.200993 3.139750 0.009659
v -0.267105 3.125342 0.010042
v -0.204805 3.151159 -0.044317
v -0.271055 3.137546 -0.042134
v -0.206514 3.150937 -0.103615
v -0.273296 3.137567 -0.098849
v -0.204758 3.133196 -0.157045
v -0.270409 3.118230 -0.150866
v -0.197990 3.099422 -0.203663
v -0.263201 3.083757 -0.196121
v -0.191615 3.069609 -0.230854
v -0.256664 3.052646 -0.222739
v -0.186694 3.042249 -0.252827
v -0.251420 3.023739 -0.243949
v -0.186394 3.070674 0.112733
v -0.178263 3.065254 0.121225
v -0.187595 3.118371 0.039751
v -0.195056 3.119140 0.034805
v -0.194687 3.143746 -0.044107
v -0.201686 3.142436 -0.045384
v -0.195911 3.142898 -0.102760
v -0.202980 3.142145 -0.102483
v -0.189997 3.108622 -0.180055
v -0.197343 3.109031 -0.176578
v -0.176299 3.033390 -0.251579
v -0.183899 3.036546 -0.246014
v -0.258743 3.047091 0.113960
v -0.253084 3.055642 0.107312
v -0.263733 3.103545 0.034302
v -0.269924 3.101875 0.039254
v -0.270663 3.128313 -0.043229
v -0.277454 3.126562 -0.041603
v -0.272395 3.127278 -0.098225
v -0.278840 3.124256 -0.097322
v -0.265280 3.092566 -0.169565
v -0.272141 3.090099 -0.173049
v -0.249295 3.017809 -0.237015
v -0.255047 3.010256 -0.240521
v -0.175352 3.053092 0.116683
v -0.183991 3.107553 0.034544
v -0.187618 3.127832 -0.079893
v -0.186140 3.099308 -0.174192
v -0.171679 3.024513 -0.239907
v -0.255832 3.032732 0.104935
v -0.251143 2.997763 -0.234328
v -0.271309 3.085222 -0.166447
v -0.275514 3.109260 -0.082522
v -0.265696 3.083820 0.031684
v -0.282860 3.085920 -0.075802
v -0.186071 3.093122 -0.071683
v -0.281104 3.106285 -0.083769
v -0.098383 2.914603 -0.350738
v -0.108455 2.933982 -0.310648
v -0.228020 2.929872 -0.281053
v -0.200993 2.912014 -0.350750
v -0.237999 2.833122 -0.281942
v -0.207461 2.755047 -0.354277
v -0.300947 2.931533 -0.239228
v -0.110972 2.993443 -0.273249
v -0.095634 3.042582 -0.243709
v -0.147286 3.070031 -0.215982
v -0.176253 3.103998 -0.172051
v -0.284384 3.009003 -0.213441
v -0.280295 3.084298 -0.163506
v -0.288173 3.073360 -0.152647
v -0.295980 3.007384 -0.194347
v -0.312266 2.935670 -0.228172
v -0.343012 2.838667 -0.234970
v -0.333079 2.825871 -0.243557
v -0.371610 2.746444 -0.180764
v -0.362601 2.727389 -0.198101
v -0.374243 2.715410 -0.127673
v -0.240933 2.741857 -0.282658
v -0.240148 2.651753 -0.277308
v -0.308223 2.583321 -0.205871
v -0.366250 2.673633 -0.139905
v -0.358165 2.675299 -0.040533
v -0.347609 2.651589 -0.041938
v -0.335643 2.556495 -0.138745
v -0.330653 2.518962 -0.050436
v -0.327789 2.447461 -0.050270
v -0.326334 2.452765 -0.125733
v -0.291730 2.450533 -0.190838
v -0.220720 2.446119 -0.246745
v -0.231832 2.557271 -0.267800
v -0.205036 2.594770 -0.357888
v -0.110395 2.545467 -0.309514
v -0.116655 2.436590 -0.279378
v -0.100346 2.584500 -0.358211
v -0.097782 2.882018 -0.351427
v -0.171772 2.878294 -0.351494
v -0.176022 2.754513 -0.354354
v -0.175260 2.625691 -0.357195
v -0.098706 2.617158 -0.357412
v -0.168468 2.628563 -0.345243
v -0.095842 2.624222 -0.344437
v -0.167544 2.753668 -0.341478
v -0.165119 2.874134 -0.339715
v -0.095010 2.873839 -0.338805
v -0.103326 2.550827 0.305426
v -0.187872 2.506288 0.289169
v -0.173666 2.487651 0.233685
v -0.283368 2.453028 0.235835
v -0.350681 2.421876 0.118162
v -0.377084 2.678297 0.061502
v -0.368422 2.654654 0.066683
v -0.369253 2.756726 0.139213
v -0.114229 2.426442 -0.261009
v -0.206375 2.433155 -0.210676
v -0.265327 2.437778 -0.162818
v -0.303234 2.442966 -0.107306
v -0.293578 2.367736 -0.085992
v -0.252645 2.370527 -0.152455
v -0.196927 2.368528 -0.198385
v -0.111296 2.363638 -0.246627
v -0.116863 2.291120 -0.247976
v -0.196558 2.292793 -0.198385
v -0.255301 2.290626 -0.149667
v -0.295934 2.288076 -0.086585
v -0.029198 2.098600 0.242024
v -0.110164 1.999779 0.224442
v -0.132363 2.099665 0.227360
v -0.095495 1.884043 0.223918
v -0.086671 1.799640 0.206972
v -0.136290 1.879913 0.200522
v -0.207669 1.990220 0.193798
v -0.249734 2.101583 0.178767
v -0.253938 2.045071 0.172731
v -0.306768 2.084094 0.115690
v -0.309170 2.111583 0.121114
v -0.344490 2.108374 0.074158
v -0.339200 2.119272 0.070164
v -0.358928 2.122453 -0.014707
v -0.337722 2.103826 -0.072086
v -0.329244 2.128788 -0.117660
v -0.332293 2.003645 -0.093922
v -0.358004 2.006808 -0.072735
v -0.279626 2.021472 -0.174587
v -0.279140 2.127709 -0.180697
v -0.208501 2.022114 -0.222584
v -0.211157 2.134574 -0.226280
v -0.132317 2.023481 -0.253344
v -0.125641 2.132557 -0.250762
v -0.140101 1.889908 -0.255250
v -0.220582 1.913902 -0.220526
v -0.287479 1.944630 -0.168660
v -0.335735 1.913588 -0.086354
v -0.376368 1.911721 -0.073631
v -0.356063 1.891583 -0.071727
v -0.307299 1.875526 -0.128932
v -0.268099 1.833512 -0.173744
v -0.191430 1.809458 -0.215513
v -0.111042 1.803327 -0.226715
v -0.084130 1.745304 -0.191843
v -0.129429 1.759053 -0.197082
v -0.230238 1.756180 -0.172284
v -0.292608 1.783604 -0.143171
v -0.342157 1.810490 -0.084019
v -0.372580 1.834205 -0.017764
v -0.377639 1.860382 0.028353
v -0.366458 1.896471 0.075801
v -0.382628 1.917850 0.076561
v -0.345276 1.926408 0.095198
v -0.363132 2.014468 0.076970
v -0.319819 2.022936 0.114768
v -0.303696 1.992932 0.142567
v -0.270663 2.012668 0.182299
v -0.262300 2.028882 0.177515
v -0.226195 1.985258 0.185193
v -0.313282 2.053504 0.115242
v -0.216932 1.987727 0.189508
v -0.172880 1.874105 0.190765
v -0.154585 1.877009 0.195643
v -0.101848 1.793777 0.190977
v -0.117025 1.787889 0.174985
v -0.047956 1.733916 0.122507
v -0.063640 1.688220 0.115715
v -0.038923 1.643881 0.037420
v -0.041973 1.704798 0.026933
v -0.052437 1.648548 -0.032594
v -0.045253 1.638977 -0.034142
v -0.026588 1.685729 -0.068034
v -0.048071 1.744507 0.191878
v -0.143844 1.710322 -0.154042
v -0.074405 1.712696 -0.149794
v -0.086740 1.670885 -0.107967
v -0.057865 1.560051 -0.016477
v -0.123885 1.587668 -0.145289
v -0.084523 1.660278 -0.119746
v -0.145969 1.697085 -0.170776
v -0.220951 1.738568 -0.203973
v -0.235204 1.640363 -0.203361
v -0.281381 1.651867 -0.204991
v -0.259598 1.756635 -0.202691
v -0.381127 1.667293 -0.114141
v -0.414899 1.676961 0.026605
v -0.395541 1.707751 0.128298
v -0.382305 1.807436 0.118164
v -0.338045 1.725244 0.207713
v -0.290667 1.724900 0.240912
v -0.326819 1.858019 0.187803
v -0.353961 1.932352 0.120319
v -0.373874 1.886577 0.081659
v -0.382975 1.847762 0.029744
v -0.377385 1.811724 -0.045530
v -0.349919 1.788797 -0.119089
v -0.309725 1.994630 0.159848
v -0.281704 1.869451 0.219155
v -0.232732 1.854722 0.220425
v -0.242296 1.713773 0.242765
v -0.143705 1.657903 0.203428
v -0.074613 1.592627 0.120728
v -0.067360 3.031563 0.116228
v -0.061723 3.091863 0.120758
v -0.119335 3.028456 0.078423
v -0.049480 3.166661 0.127677
v -0.111319 3.100614 0.094715
v -0.156295 3.060503 0.018527
v -0.150635 3.122300 0.038335
v -0.169600 3.142480 -0.041734
v -0.157380 3.216802 -0.014670
v -0.139686 3.163434 -0.129590
v -0.128967 3.240325 -0.106028
v -0.059921 3.167929 -0.166710
v -0.056272 3.246363 -0.144097
v -0.075930 3.099359 -0.188038
v -0.092839 3.043926 -0.229560
v -0.151513 3.107613 -0.149678
v -0.172118 3.096638 -0.153238
v -0.137676 3.068867 -0.206677
v -0.137283 3.191826 0.052491
v -0.099884 3.178502 0.101419
v -0.074521 3.045811 0.139423
v -0.124440 3.055751 0.122539
v -0.165950 3.078865 0.091770
v -0.165304 3.054622 0.042426
v -0.426380 2.538318 -0.107458
v -0.505174 2.428011 -0.097015
v -0.554331 2.443467 -0.155324
v -0.472095 2.569999 -0.172309
v -0.600046 2.458695 -0.187812
v -0.434303 2.652106 -0.171099
v -0.382005 2.607893 -0.104190
v -0.385816 2.672843 -0.106230
v -0.412682 2.716484 -0.176634
v -0.393162 2.745645 -0.177528
v -0.398129 2.846742 -0.222189
v -0.391845 2.934160 -0.201984
v -0.387248 3.000318 -0.170644
v -0.366920 3.064492 -0.107555
v -0.347239 3.056989 -0.000614
v -0.284707 3.073099 0.012678
v -0.285793 3.034476 0.061061
v -0.342365 3.017950 0.051481
v -0.298775 2.973820 0.097540
v -0.442504 3.023751 -0.025038
v -0.452575 3.010900 -0.099332
v -0.452945 2.967297 -0.152134
v -0.442943 2.918283 -0.187225
v -0.425317 2.831718 -0.204569
v -0.450843 2.779618 -0.198863
v -0.475467 2.729323 -0.209371
v -0.525895 2.611259 -0.209729
v -0.633956 2.473599 -0.190083
v -0.559366 2.632709 -0.208833
v -0.694132 2.498410 -0.133776
v -0.505382 2.741928 -0.208311
v -0.517278 2.823271 -0.168918
v -0.486925 2.884319 -0.170720
v -0.508339 2.916999 -0.131002
v -0.518918 2.944626 -0.080679
v -0.520928 2.947678 -0.028426
v -0.431970 2.969819 0.049596
v -0.344190 2.965474 0.087127
v -0.325502 2.883476 0.128321
v -0.354654 2.883236 0.114831
v -0.454978 2.882318 0.074577
v -0.501201 2.910018 0.030788
v -0.560452 2.849801 -0.044580
v -0.548163 2.837602 -0.123954
v -0.580549 2.773735 -0.135285
v -0.633656 2.670528 -0.135740
v -0.721967 2.518066 -0.040702
v -0.653938 2.686913 -0.040896
v -0.605058 2.782809 -0.043631
v -0.531439 2.831124 0.026658
v -0.483298 2.796814 0.067487
v -0.410233 2.778242 0.109000
v -0.384407 2.759937 0.125916
v -0.385724 2.697484 0.055052
v -0.432940 2.757551 0.097032
v -0.413860 2.709468 0.061333
v -0.378424 2.677810 -0.037860
v -0.381866 2.598865 -0.017863
v -0.423307 2.628105 0.049952
v -0.448925 2.671074 0.073632
v -0.473065 2.734536 0.097154
v -0.505220 2.753099 0.096593
v -0.577893 2.775622 0.035126
v -0.628967 2.671113 0.038109
v -0.690043 2.505962 0.039645
v -0.564333 2.638755 0.100532
v -0.635666 2.483689 0.091375
v -0.529729 2.611993 0.106526
v -0.472303 2.561104 0.062458
v -0.431115 2.525645 -0.009877
v -0.506929 2.429418 0.002206
v -0.550565 2.449903 0.058323
v -0.602356 2.470166 0.093532
v -0.684938 2.492994 0.023412
v -0.643335 2.469392 0.051957
v -0.607876 2.454922 0.058490
v -0.560937 2.437496 0.030518
v -0.527673 2.423892 -0.013338
v -0.521321 2.418369 -0.089824
v -0.638045 2.471765 -0.155774
v -0.583044 2.443125 -0.161831
v -0.673989 2.357805 0.058443
v -0.682651 2.355980 0.079069
v -0.613143 2.335565 0.053733
v -0.747886 2.395020 0.048284
v -0.744490 2.483040 -0.018339
v -0.756848 2.498766 -0.045179
v -0.760082 2.447440 -0.003816
v -0.737444 2.504680 -0.067343
v -0.767336 2.518655 -0.058745
v -0.773827 2.510882 -0.097237
v -0.731531 2.492649 -0.099369
v -0.759366 2.498154 -0.104393
v -0.722799 2.465514 -0.146564
v -0.708754 2.471028 -0.135088
v -0.662138 2.434269 -0.167886
v -0.666250 2.426052 -0.179297
v -0.603349 2.396403 -0.170371
v -0.611827 2.389009 -0.187218
v -0.662901 2.419231 -0.193344
v -0.520836 2.388542 -0.026994
v -0.552621 2.357997 0.006390
v -0.503603 2.378071 -0.025581
v -0.499214 2.370326 -0.064650
v -0.515523 2.373601 -0.076632
v -0.537214 2.397512 -0.111494
v -0.593185 2.419764 -0.166112
v -0.553129 2.376655 -0.133164
v -0.650080 2.453017 -0.161841
v -0.701455 2.484731 -0.134432
v -0.697643 2.222818 -0.104735
v -0.655855 2.210966 -0.073742
v -0.763432 2.113960 -0.059230
v -0.732062 2.103606 -0.027611
v -0.769276 2.114329 -0.076900
v -0.704388 2.223514 -0.120866
v -0.759643 2.248043 -0.127900
v -0.766227 2.259552 -0.113261
v -0.802286 2.285775 -0.089242
v -0.828643 2.144426 -0.068623
v -0.822106 2.135764 -0.082494
v -0.862716 2.171042 -0.040940
v -0.839315 2.312035 -0.045668
v -0.853175 2.318496 -0.039378
v -0.850172 2.329076 -0.001252
v -0.838414 2.321222 0.006967
v -0.899445 2.212710 0.030368
v -0.903487 2.200700 0.000492
v -0.889673 2.190559 -0.006031
v -0.887733 2.206129 0.037184
v -0.803718 2.303860 0.064158
v -0.847862 2.203038 0.085930
v -0.708639 2.450090 0.031185
v -0.645830 2.414449 0.050954
v -0.586093 2.390935 0.033782
v -0.557749 2.370002 0.005251
v -0.627003 2.207519 -0.022303
v -0.710856 2.099282 0.014262
v -0.612473 2.204504 -0.013056
v -0.620466 2.205556 0.027773
v -0.634788 2.218681 0.038037
v -0.699560 2.096420 0.057778
v -0.697620 2.091899 0.027921
v -0.712704 2.107692 0.064221
v -0.730468 2.134352 0.093334
v -0.665511 2.233206 0.073659
v -0.780965 2.169141 0.114844
v -0.730399 2.269443 0.097919
v -0.245899 0.221882 -0.035479
v -0.267267 0.205858 -0.026193
v -0.269716 0.190665 -0.093409
v -0.252668 0.207313 -0.098325
v -0.295172 0.205779 -0.147156
v -0.260152 0.370055 -0.109584
v -0.278193 0.220120 -0.152691
v -0.323770 0.253693 -0.194862
v -0.348972 0.230552 -0.172987
v -0.360406 0.256870 -0.195978
v -0.333079 0.383217 -0.172536
v -0.243636 0.511827 -0.125569
v -0.234673 0.515278 -0.018649
v -0.253407 0.378681 -0.016784
v -0.223261 0.640374 -0.140979
v -0.206329 0.642291 -0.025551
v -0.332455 0.518145 -0.187870
v -0.367983 0.516278 -0.181062
v -0.359690 0.381307 -0.168595
v -0.406444 0.378279 -0.134017
v -0.418410 0.238297 -0.150790
v -0.408015 0.219554 -0.148630
v -0.437514 0.203897 -0.087147
v -0.453268 0.223324 -0.085260
v -0.439293 0.216759 -0.022007
v -0.438715 0.383601 -0.057339
v -0.454054 0.236392 -0.028286
v -0.419080 0.245260 0.025216
v -0.427650 0.267577 0.038891
v -0.378286 0.248020 0.071860
v -0.385678 0.270677 0.100802
v -0.328713 0.247057 0.085341
v -0.377108 0.393931 0.080289
v -0.416747 0.397435 0.021153
v -0.425733 0.518258 0.017334
v -0.439362 0.515645 -0.077595
v -0.402679 0.514518 -0.152534
v -0.414761 0.640764 -0.170549
v -0.374289 0.641344 -0.199133
v -0.325779 0.642727 -0.202899
v -0.457588 0.644520 -0.080372
v -0.440979 0.647712 0.029330
v -0.371794 0.512164 0.089702
v -0.341649 0.393652 0.080922
v -0.338022 0.269799 0.108224
v -0.273412 0.257671 0.046597
v -0.286001 0.238720 0.042918
v -0.300046 0.384687 0.041289
v -0.289720 0.517555 0.047240
v -0.336220 0.514035 0.089644
v -0.374266 0.649413 0.108480
v -0.335551 0.647699 0.107655
v -0.272210 0.648267 0.056537
v -0.260845 0.104696 -0.003511
v -0.265373 0.027064 0.047276
v -0.261838 0.030515 -0.014285
v -0.269508 0.137461 0.102236
v -0.259113 0.017609 0.133987
v -0.278863 0.188623 0.060090
v -0.264610 0.174373 -0.016886
v -0.321552 0.214024 0.116031
v -0.316170 0.174054 0.170189
v -0.264726 0.112532 0.176073
v -0.259020 0.027369 0.262203
v -0.267914 0.103375 0.260510
v -0.290621 0.039397 0.345673
v -0.287780 0.095953 0.331788
v -0.342550 0.052541 0.385983
v -0.324694 0.136417 0.305163
v -0.317925 0.143698 0.248542
v -0.427627 0.139628 0.222023
v -0.416447 0.167667 0.148549
v -0.401339 0.205745 0.103373
v -0.434927 0.186743 0.054696
v -0.450334 0.171797 -0.009848
v -0.464518 0.100030 -0.006346
v -0.472233 0.095410 0.104805
v -0.474659 0.088561 0.203867
v -0.455024 0.088355 0.296641
v -0.425456 0.127551 0.291460
v -0.393000 0.117953 0.357466
v -0.348094 0.122374 0.360633
v -0.342342 0.095015 0.377715
v -0.403696 0.097692 0.363603
v -0.405012 0.048434 0.369242
v -0.457611 0.030434 0.300240
v -0.485608 0.018635 0.203451
v -0.483437 0.019711 0.102351
v -0.471794 0.026031 0.029120
v -0.464056 0.029531 -0.024306
v -0.448371 0.098686 -0.096992
v -0.453314 0.010716 -0.071464
v -0.441741 0.156985 -0.093601
v -0.406583 0.170048 -0.158214
v -0.412243 0.100402 -0.174031
v -0.422199 0.008120 -0.154144
v -0.346569 0.101497 -0.197269
v -0.352645 0.007094 -0.186791
v -0.293901 0.007810 -0.163957
v -0.288473 0.100381 -0.164414
v -0.268099 0.009282 -0.117110
v -0.343289 0.172800 -0.179540
v -0.292053 0.165909 -0.153139
v -0.262370 0.106001 -0.096574
v -0.260406 0.011123 -0.058489
v -0.267406 0.167535 -0.092499
v 0.000000 2.302495 0.298829
v 0.000000 2.374685 0.297764
v 0.000000 2.286574 0.273883
v 0.067383 2.271439 0.270314
v 0.000000 2.272767 0.274364
v -0.067383 2.271439 0.270314
v -0.796188 2.009547 0.006450
v -0.823007 2.018106 -0.022753
v -0.827927 2.015237 -0.038311
v -0.873804 2.039441 -0.046976
v -0.878377 2.048044 -0.034280
v -0.908500 2.070358 -0.008147
v -0.938368 2.092303 0.031955
v -0.948255 2.103960 0.034431
v -0.946569 2.110384 0.065313
v -0.933517 2.102514 0.073026
v -0.895356 2.102172 0.120254
v -0.835227 2.078524 0.145101
v -0.791983 2.046609 0.131936
v -0.771794 2.021622 0.100157
v -0.756848 2.011465 0.091693
v -0.758604 2.002331 0.056967
v -0.773157 2.007150 0.045560
v -0.911965 2.083782 0.065272
v -0.884499 2.084163 0.107577
v -0.846430 2.064257 0.127221
v -0.822244 2.045175 0.110580
v -0.799052 2.027646 0.087418
v -0.796765 2.017256 0.052453
v -0.818941 2.010095 0.001003
v -0.898359 2.059956 0.004290
v -0.873665 2.037552 -0.026925
v -0.852228 2.022629 -0.024490
v -0.817139 2.039843 0.126949
v -0.858789 2.069166 0.137122
v -0.882120 2.050737 0.157438
v -0.896927 2.085692 0.128282
v -0.916931 2.077085 0.073525
v -0.919773 2.057900 0.008744
v -0.908708 2.038527 -0.042231
v -0.924462 2.000146 -0.037558
v -0.884961 2.024722 -0.042467
v -0.851581 2.003595 -0.037436
v -0.860221 1.977141 -0.042314
v -0.888264 1.988025 -0.044550
v -0.908384 1.992185 -0.039367
v -0.948255 1.949256 -0.022093
v -0.962669 1.983248 0.031451
v -0.936659 2.067972 0.020331
v -0.979093 1.989148 0.044948
v -0.933517 2.080254 0.063371
v -0.956733 2.008157 0.109316
v -0.921159 2.018739 0.189365
v -0.967913 1.979139 0.130959
v -0.975120 2.007270 0.096471
v -0.986208 1.973292 0.129501
v -0.967798 1.950388 0.187630
v -0.926102 1.968358 0.192405
v -0.897828 2.009929 0.192948
v -0.868491 2.031479 0.185891
v -0.817809 2.035002 0.148642
v -0.815338 2.023803 0.184306
v -0.857657 2.004694 0.214606
v -0.811480 2.005868 0.218845
v -0.886208 1.970756 0.211372
v -0.907368 1.948395 0.210966
v -0.919241 1.915912 0.220166
v -0.950819 1.932107 0.190561
v -0.994062 1.912144 0.137016
v -0.975305 1.896827 0.141587
v -0.998313 1.898725 0.067362
v -0.991267 1.951853 0.045103
v -0.973111 1.949263 0.032564
v -0.983205 1.898889 0.012978
v -0.979117 1.880844 0.072710
v -0.967359 1.883348 0.011894
v -0.929798 1.939952 -0.026932
v -0.926356 1.908644 -0.028099
v -0.907045 1.941966 -0.040815
v -0.875351 1.926995 -0.036925
v -0.894524 1.887707 -0.024435
v -0.912820 1.847880 -0.009133
v -0.951697 1.866639 -0.010877
v -0.970408 1.844717 0.003470
v -0.948486 1.831017 -0.006685
v -0.984799 1.788596 0.017251
v -0.988310 1.794715 0.043590
v -0.976737 1.849813 0.035503
v -0.977754 1.854888 0.067561
v -0.960452 1.827316 0.053544
v -0.969992 1.786776 0.060850
v -0.965534 1.830169 0.057591
v -0.999930 1.792636 0.086272
v -0.978631 1.778245 0.069598
v -0.984430 1.761430 0.074288
v -1.006790 1.776140 0.090860
v -0.997389 1.798099 0.110829
v -0.981288 1.859381 0.094368
v -0.980272 1.871121 0.127371
v -0.962323 1.835556 0.112798
v -0.979301 1.790465 0.124567
v -1.003510 1.781243 0.115011
v -0.986278 1.773884 0.128646
v -1.027627 1.732809 0.101973
v -1.004365 1.717919 0.089268
v -1.012519 1.702507 0.095251
v -1.033540 1.715960 0.106339
v -1.030029 1.673078 0.108217
v -1.023954 1.737667 0.124932
v -1.005220 1.733315 0.137942
v -1.030352 1.720772 0.128605
v -1.012080 1.716501 0.141266
v -1.022983 1.685443 0.146517
v -1.039592 1.689407 0.135091
v -1.032085 1.667471 0.138670
v -1.040447 1.685919 0.114539
v -1.032247 1.662449 0.122303
v -0.962877 1.836448 0.121342
v -1.003672 1.806369 0.156286
v -0.987109 1.787663 0.142035
v -0.995102 1.772237 0.148298
v -1.010255 1.790493 0.162978
v -0.997042 1.813313 0.179455
v -0.975444 1.877302 0.162354
v -0.963848 1.890393 0.194276
v -0.953221 1.895429 0.216304
v -0.927511 1.890164 0.226708
v -0.968329 1.851243 0.241381
v -0.981542 1.844445 0.217766
v -0.951073 1.856621 0.181562
v -0.952274 1.855062 0.176041
v -0.976252 1.807730 0.193728
v -1.003487 1.796838 0.184687
v -0.984014 1.791885 0.199219
v -1.031207 1.745845 0.180698
v -1.017278 1.731832 0.165029
v -1.025039 1.716954 0.172569
v -1.037236 1.729582 0.186870
v -1.041048 1.684625 0.191102
v -1.023884 1.752084 0.202063
v -1.006074 1.745288 0.213070
v -1.030306 1.735688 0.207616
v -1.013674 1.729148 0.217898
v -1.031831 1.690700 0.229252
v -1.045852 1.689428 0.221873
v -1.036474 1.674233 0.222952
v -1.040285 1.670058 0.204849
v -1.049433 1.685591 0.202742
v -0.971725 1.822377 0.203160
v -0.979394 1.808051 0.212047
v -0.987340 1.828795 0.225701
v -0.999052 1.793934 0.243112
v -0.990251 1.778855 0.229487
v -0.995171 1.764459 0.239185
v -1.003949 1.778554 0.251592
v -1.007414 1.734117 0.266507
v -1.014552 1.743036 0.275957
v -1.007021 1.729728 0.280536
v -0.999629 1.733260 0.293668
v -1.004665 1.748587 0.295960
v -0.991729 1.740419 0.298572
v -0.992237 1.785538 0.277466
v -0.986578 1.801086 0.269189
v -0.973711 1.835824 0.250069
v -0.945991 1.843851 0.251088
v -0.952251 1.828460 0.259175
v -0.967867 1.791964 0.278258
v -0.974797 1.776408 0.285565
v -0.899144 1.896219 0.214223
v -0.879070 1.920000 0.207582
v -0.866158 1.937646 0.210194
v -0.850981 1.946974 0.214315
v -0.842480 1.945637 0.231298
v -0.839777 1.976946 0.241384
v -0.806259 1.987692 0.245068
v -0.834788 1.960934 0.276810
v -0.837398 1.932613 0.267715
v -0.831554 1.949601 0.300116
v -0.834072 1.924272 0.292058
v -0.829405 1.916351 0.318748
v -0.830607 1.942151 0.317544
v -0.821436 1.933576 0.342541
v -0.815915 1.916517 0.342407
v -0.798844 1.919883 0.344382
v -0.805127 1.938972 0.345077
v -0.801016 1.949467 0.326743
v -0.799653 1.961111 0.303058
v -0.802078 1.972061 0.280111
v -0.188380 1.077490 0.088168
v -0.240078 1.106663 0.151594
v -0.224740 1.107386 0.173943
v -0.320536 1.118867 0.173005
v -0.295588 1.131923 0.243546
v -0.338253 1.137222 0.241578
v -0.387849 1.120479 0.163964
v -0.386209 1.122247 0.142252
v -0.424740 1.100260 0.071414
v -0.434742 1.092826 0.073819
v -0.449641 1.072900 -0.005036
v -0.167937 1.051108 -0.004927
v -0.173273 1.080225 -0.003555
v -0.402448 1.080144 -0.123130
v -0.435250 1.101842 -0.008464
v -0.423816 1.116712 0.072028
v -0.390228 1.127488 0.146503
v -0.320074 1.126074 0.176590
v -0.319588 1.132963 0.169972
v -0.394248 1.135270 0.140457
v -0.422892 1.133164 0.072668
v -0.420882 1.130810 -0.011869
v -0.392584 1.119544 -0.101996
v -0.397505 1.099844 -0.112564
v -0.313074 1.086834 -0.151467
v -0.304065 1.119465 -0.119212
v -0.223562 1.091591 -0.103823
v -0.229568 1.112692 -0.086851
v -0.178609 1.109343 -0.002204
v -0.217556 1.070466 -0.120792
v -0.303072 1.051870 -0.186724
v -0.341141 1.056564 -0.180746
v -0.150566 1.111152 -0.018161
v -0.206606 1.114903 -0.119485
v -0.138900 1.202200 -0.021416
v -0.312358 1.127294 -0.153201
v -0.196789 1.205875 -0.124444
v -0.305059 1.218664 -0.156555
v -0.392030 1.230479 -0.121058
v -0.402471 1.139719 -0.118161
v -0.455324 1.148830 -0.026024
v -0.442919 1.239527 -0.035322
v -0.450681 1.243431 0.067586
v -0.461076 1.150680 0.068143
v -0.448417 1.151491 0.127815
v -0.436128 1.247356 0.124133
v -0.400046 1.245164 0.175740
v -0.383599 1.244630 0.189623
v -0.335597 1.238765 0.214814
v -0.313837 1.235252 0.218505
v -0.254123 1.227952 0.212680
v -0.232409 1.225566 0.204435
v -0.186094 1.218661 0.165641
v -0.170247 1.215633 0.150899
v -0.144144 1.208407 0.092305
v -0.159090 1.111438 0.093204
v -0.185539 1.112907 0.085530
v -0.185008 1.116654 0.153292
v -0.237468 1.121713 0.156900
v -0.200901 1.119082 0.172444
v -0.249157 1.126931 0.207533
v -0.267821 1.129784 0.216690
v -0.325317 1.141200 0.222525
v -0.345738 1.141260 0.218570
v -0.398129 1.145201 0.190991
v -0.414068 1.146686 0.177191
v -0.437329 1.154711 0.187641
v -0.463155 1.157074 0.149593
v -0.454308 1.244263 0.143389
v -0.427096 1.241071 0.185967
v -0.392261 1.240373 0.215988
v -0.403765 1.151302 0.217445
v -0.360268 1.147975 0.239529
v -0.350981 1.236317 0.236154
v -0.139917 1.114517 0.113952
v -0.160868 1.117527 0.159734
v -0.177038 1.213057 0.193204
v -0.188126 1.123974 0.195817
v -0.149180 1.208398 0.158198
v -0.127396 1.200167 0.111007
v -0.216447 1.218010 0.223624
v -0.228343 1.130666 0.226369
v -0.257126 1.223970 0.238990
v -0.268976 1.135115 0.241481
v -0.305890 1.228691 0.245036
v -0.317440 1.142600 0.247233
v -0.238230 1.115222 0.160663
v -0.186948 1.095199 0.086849
v 0.339986 2.278267 0.073491
v 0.310464 2.276390 0.152012
v 0.314553 2.113246 0.145373
v 0.353661 2.279575 -0.001108
v 0.323839 2.283971 -0.103259
v 0.275698 2.286930 -0.165731
v 0.207230 2.289180 -0.213363
v -0.314553 2.113246 0.145373
v -0.310464 2.276390 0.152012
v -0.339986 2.278267 0.073491
v -0.353661 2.279575 -0.001108
v -0.323839 2.283971 -0.103259
v -0.275698 2.286930 -0.165731
v -0.207230 2.289180 -0.213363
v -0.139478 2.810535 -0.339634
v -0.095565 2.810535 -0.339634
v -0.098845 2.807257 -0.352753
v -0.136174 2.807257 -0.352753
v -0.029614 2.692030 -0.342245
v -0.074521 2.692030 -0.342245
v -0.070732 2.696200 -0.355134
v -0.033403 2.696200 -0.355134
v -0.074544 2.810882 -0.339623
v -0.029568 2.810882 -0.339623
v -0.033403 2.807257 -0.352753
v -0.070732 2.807257 -0.352753
v -0.098314 2.751734 -0.354474
v -0.136729 2.751734 -0.354474
v -0.098845 2.696200 -0.355134
v -0.136174 2.696200 -0.355134
v -0.140910 2.751411 -0.339743
v -0.139455 2.692400 -0.342233
v -0.095565 2.692400 -0.342233
v -0.094132 2.751411 -0.339743
v -0.032848 2.751734 -0.354474
v -0.071263 2.751734 -0.354474
v -0.076045 2.751411 -0.339743
v -0.028066 2.751411 -0.339743
v 0.154123 3.010397 0.159765
v 0.217440 3.004598 0.150284
v 0.158558 2.942575 0.212347
v 0.075468 2.949821 0.220855
v 0.073389 3.002963 0.179134
v 0.000000 3.009514 0.180268
v 0.000000 2.955319 0.223710
v 0.000000 2.863933 0.281700
v 0.074682 2.853582 0.281033
v 0.078540 2.776959 0.310227
v 0.000000 2.759041 0.276145
v 0.161862 2.838258 0.269936
v 0.237399 2.932078 0.198231
v 0.262300 2.992594 0.126441
v 0.277431 3.032000 0.088249
v 0.271564 3.082808 0.026702
v 0.289720 2.982025 0.117436
v 0.295888 2.892951 0.162227
v 0.270409 2.813642 0.253722
v 0.169346 2.770924 0.291696
v 0.070201 2.688588 0.299365
v 0.000000 2.683118 0.299607
v 0.000000 2.590526 0.312661
v 0.078424 2.589628 0.306842
v 0.188450 2.570411 0.284380
v 0.290621 2.535932 0.234456
v 0.360244 2.492555 0.119060
v 0.369923 2.558711 0.113539
v 0.308431 2.658454 0.227420
v 0.181543 2.684437 0.276108
v 0.255324 2.766356 0.274320
v 0.365557 2.739533 0.164944
v 0.393046 2.655465 0.095431
v 0.317925 2.887853 0.153699
v -0.154123 3.010397 0.159765
v -0.217440 3.004598 0.150284
v -0.158558 2.942575 0.212347
v -0.075468 2.949821 0.220855
v -0.073389 3.002963 0.179134
v -0.074682 2.853582 0.281033
v -0.078540 2.776959 0.310227
v -0.161862 2.838258 0.269936
v -0.237399 2.932078 0.198231
v -0.262300 2.992594 0.126441
v -0.277431 3.032000 0.088249
v -0.271564 3.082808 0.026702
v -0.289720 2.982025 0.117436
v -0.295888 2.892951 0.162227
v -0.270409 2.813642 0.253722
v -0.169346 2.770924 0.291696
v -0.070201 2.688588 0.299365
v -0.078424 2.589628 0.306842
v -0.188450 2.570411 0.284380
v -0.290621 2.535932 0.234456
v -0.360244 2.492555 0.119060
v -0.369923 2.558711 0.113539
v -0.308431 2.658454 0.227420
v -0.181543 2.684437 0.276108
v -0.255324 2.766356 0.274320
v -0.365557 2.739533 0.164944
v -0.317925 2.887853 0.153699
v -0.393046 2.655465 0.095431
v 0.162670 2.270134 0.254523
v 0.116540 2.271834 0.266697
v 0.116909 2.105990 0.257993
v 0.164865 2.107219 0.247092
v 0.177200 2.268487 0.274913
v 0.177292 2.110776 0.269074
v 0.235227 2.270217 0.252049
v 0.236452 2.111760 0.246001
v 0.232363 2.109681 0.217293
v 0.232779 2.272158 0.220395
v 0.263917 2.273003 0.202433
v 0.327004 2.272266 0.177450
v 0.286602 2.269852 0.220559
v 0.264264 2.109989 0.196230
v 0.289143 2.113394 0.214819
v 0.329244 2.114900 0.168642
v 0.043359 2.105630 0.272287
v 0.000000 2.105440 0.271414
v 0.115616 2.109880 0.284726
v 0.051652 2.109226 0.294084
v 0.043959 2.269600 0.278762
v 0.000000 2.269915 0.278473
v -0.043959 2.269600 0.278762
v -0.043359 2.105630 0.272287
v 0.052391 2.266683 0.299908
v 0.115592 2.265435 0.291811
v 0.162555 2.273435 0.236025
v -0.162670 2.270134 0.254523
v -0.164865 2.107219 0.247092
v -0.116909 2.105990 0.257993
v -0.116540 2.271834 0.266697
v -0.177200 2.268487 0.274913
v -0.177292 2.110776 0.269074
v -0.235227 2.270217 0.252049
v -0.236452 2.111760 0.246001
v -0.232363 2.109681 0.217293
v -0.232779 2.272158 0.220395
v -0.263917 2.273003 0.202433
v -0.327004 2.272266 0.177450
v -0.286602 2.269852 0.220559
v -0.289143 2.113394 0.214819
v -0.264264 2.109989 0.196230
v -0.329244 2.114900 0.168642
v -0.051652 2.109226 0.294084
v -0.115616 2.109880 0.284726
v -0.052391 2.266683 0.299908
v -0.115592 2.265435 0.291811
v -0.162555 2.273435 0.236025
v 0.273389 3.231471 -0.036278
v 0.256710 3.205964 -0.033790
v 0.284084 3.231822 -0.046412
v 0.277269 3.255926 -0.041251
v 0.294779 3.262852 -0.057001
v 0.272927 3.284751 -0.037442
v 0.291915 3.291757 -0.053494
v 0.276276 3.319452 -0.035668
v 0.257819 3.311560 -0.026405
v 0.251166 3.338772 -0.014342
v 0.232548 3.328622 -0.010787
v 0.233772 3.349186 0.008189
v 0.208616 3.339629 0.009991
v 0.207253 3.361561 0.041634
v 0.228159 3.364915 0.039518
v 0.208039 3.384270 0.064103
v 0.225271 3.393018 0.062278
v 0.205451 3.422119 0.074976
v 0.223539 3.422794 0.069178
v 0.203580 3.458812 0.063655
v 0.221852 3.456938 0.059901
v 0.211781 3.485009 0.043396
v 0.222268 3.478943 0.037208
v 0.213559 3.492609 0.007982
v 0.224047 3.487945 0.000802
v 0.213051 3.479916 -0.034120
v 0.225733 3.477992 -0.032097
v 0.226981 3.453295 -0.056049
v 0.211111 3.454621 -0.058727
v 0.211781 3.420345 -0.066153
v 0.230076 3.422045 -0.062741
v 0.232016 3.388137 -0.054788
v 0.213051 3.388366 -0.058609
v 0.214761 3.359685 -0.045345
v 0.235273 3.356012 -0.037163
v 0.223608 3.345525 -0.054698
v 0.251975 3.342309 -0.049627
v 0.259413 3.321001 -0.068673
v 0.271633 3.321579 -0.064301
v 0.274220 3.295171 -0.074310
v 0.285816 3.295300 -0.071679
v 0.281289 3.266809 -0.078156
v 0.291476 3.266559 -0.074335
v 0.285193 3.239255 -0.083462
v 0.279325 3.242976 -0.086375
v 0.255532 3.217271 -0.100568
v -0.273389 3.231471 -0.036278
v -0.284107 3.231822 -0.046412
v -0.256710 3.205964 -0.033790
v -0.277292 3.255926 -0.041251
v -0.294779 3.262852 -0.057001
v -0.272927 3.284751 -0.037442
v -0.291938 3.291757 -0.053494
v -0.276299 3.319452 -0.035668
v -0.257819 3.311560 -0.026405
v -0.251189 3.338772 -0.014342
v -0.232548 3.328622 -0.010787
v -0.233772 3.349186 0.008189
v -0.208639 3.339629 0.009991
v -0.207253 3.361561 0.041634
v -0.228159 3.364915 0.039518
v -0.208039 3.384270 0.064103
v -0.225271 3.393018 0.062278
v -0.205451 3.422119 0.074976
v -0.223539 3.422794 0.069178
v -0.203580 3.458812 0.063655
v -0.221852 3.456938 0.059901
v -0.211781 3.485009 0.043396
v -0.222268 3.478943 0.037208
v -0.213559 3.492609 0.007982
v -0.224047 3.487945 0.000802
v -0.213051 3.479916 -0.034120
v -0.225733 3.477992 -0.032097
v -0.226981 3.453295 -0.056049
v -0.211111 3.454621 -0.058727
v -0.211781 3.420345 -0.066153
v -0.230076 3.422045 -0.062741
v -0.232016 3.388137 -0.054788
v -0.213051 3.388366 -0.058609
v -0.214761 3.359685 -0.045345
v -0.235273 3.356012 -0.037163
v -0.223608 3.345525 -0.054698
v -0.251998 3.342309 -0.049627
v -0.259436 3.321001 -0.068673
v -0.271633 3.321579 -0.064301
v -0.274220 3.295171 -0.074310
v -0.285816 3.295300 -0.071679
v -0.281312 3.266809 -0.078156
v -0.291476 3.266559 -0.074335
v -0.285193 3.239255 -0.083462
v -0.279325 3.242976 -0.086375
v -0.255532 3.217271 -0.100568
v 0.788103 1.996766 0.148385
v 0.794432 2.013463 0.095745
v 0.797135 1.989233 0.040277
v 0.793370 1.964419 0.099365
v 0.793624 1.953916 0.155717
v 0.787387 1.988922 0.181890
v 0.787548 1.981539 0.213992
v 0.785446 1.969166 0.241652
v 0.793416 1.946706 0.199162
v 0.833517 1.914429 0.172211
v 0.812519 1.932883 0.129176
v 0.833564 1.926080 0.079608
v 0.808823 1.959030 0.050700
v 0.823307 1.977459 -0.007842
v 0.834603 1.935540 0.001102
v 0.856848 1.896896 0.021661
v 0.885354 1.859698 0.042636
v 0.866966 1.886053 0.107582
v 0.845552 1.906660 0.148582
v 0.885354 1.880067 0.189307
v 0.895333 1.857046 0.138446
v 0.907414 1.837295 0.075486
v 0.915338 1.819873 0.024103
v 0.925155 1.823974 0.003844
v 0.927118 1.809901 0.044385
v 0.934487 1.818497 0.064914
v 0.927049 1.823327 0.098760
v 0.928019 1.835937 0.124964
v 0.920881 1.845782 0.160247
v 0.913004 1.853486 0.184756
v 0.909031 1.865902 0.218780
v 0.929544 1.823110 0.241940
v 0.940794 1.811051 0.211213
v 0.936821 1.808129 0.249901
v 0.954122 1.773821 0.267180
v 0.965418 1.764567 0.241123
v 0.962392 1.759287 0.274615
v 0.979047 1.735748 0.287466
v 0.987710 1.730486 0.269325
v 0.972649 1.751121 0.250836
v 0.949318 1.797115 0.220016
v 0.954769 1.784128 0.182546
v 0.963501 1.776887 0.151432
v 0.963247 1.768832 0.188503
v 0.988241 1.723819 0.207159
v 0.994432 1.715249 0.177914
v 0.997527 1.708799 0.212414
v 1.017324 1.679800 0.220721
v 1.019311 1.675663 0.196376
v 1.002956 1.700345 0.184622
v 0.971748 1.761726 0.158057
v 0.956017 1.768370 0.116410
v 0.958789 1.762590 0.083310
v 0.964194 1.752396 0.120702
v 0.982605 1.715348 0.128799
v 0.986301 1.707152 0.100374
v 0.991614 1.699654 0.132458
v 1.007553 1.675485 0.138487
v 1.009886 1.669222 0.113493
v 0.995171 1.691779 0.105433
v 0.966342 1.746526 0.088392
v 0.946084 1.772361 0.050786
v 0.975259 1.769289 0.063271
v 0.948694 1.772426 0.018245
v 0.954307 1.756039 0.053495
v 0.987664 1.739143 0.068171
v 0.970408 1.724306 0.058674
v 0.994224 1.721964 0.070143
v 0.973757 1.721922 0.032033
v 0.979463 1.708409 0.060954
v 0.993415 1.686630 0.063648
v 1.002702 1.698661 0.072123
v 1.014714 1.683729 0.064017
v 0.992468 1.683757 0.044232
v 1.014436 1.679490 0.048249
v 1.006120 1.690913 0.033701
v 0.997666 1.713586 0.024923
v 0.981727 1.705940 0.036787
v 0.990898 1.729975 0.019878
v 0.956386 1.756251 0.022749
v 0.969184 1.779229 0.006683
v 0.976206 1.762699 0.010945
v 1.004041 1.740061 0.028945
v 1.010833 1.722105 0.034154
v 1.017925 1.700479 0.040264
v 1.019472 1.704279 0.058982
v 1.010856 1.728206 0.054784
v 1.004665 1.745378 0.051818
v 0.993277 1.777194 0.046383
v 0.990643 1.771544 0.021067
v 0.827396 1.930846 0.195985
v 0.791383 1.938610 0.226087
v 0.822984 1.928240 0.224126
v 0.818086 1.915597 0.260206
v 0.787479 1.927917 0.262384
v 0.782443 1.955401 0.275110
v 0.781196 1.946320 0.296473
v 0.784407 1.921791 0.282985
v 0.814945 1.907614 0.284170
v 0.811110 1.905129 0.309508
v 0.785908 1.916106 0.311659
v 0.786393 1.930931 0.331162
v -0.174682 2.368422 0.246330
v 0.276923 1.156333 0.186318
v 0.255509 1.123773 0.163652
v 0.338785 1.166772 0.184627
v 0.364102 1.128095 0.162176
v -0.788103 1.996766 0.148385
v -0.794432 2.013463 0.095745
v -0.797135 1.989233 0.040277
v -0.793370 1.964419 0.099365
v -0.793624 1.953916 0.155717
v -0.787387 1.988922 0.181890
v -0.787548 1.981539 0.213992
v -0.785446 1.969166 0.241652
v -0.793416 1.946706 0.199162
v -0.833517 1.914429 0.172211
v -0.812519 1.932883 0.129176
v -0.833564 1.926080 0.079608
v -0.808823 1.959030 0.050700
v -0.823307 1.977459 -0.007842
v -0.834603 1.935540 0.001102
v -0.856848 1.896896 0.021661
v -0.885354 1.859698 0.042636
v -0.866966 1.886053 0.107582
v -0.845552 1.906660 0.148582
v -0.885354 1.880067 0.189307
v -0.895333 1.857046 0.138446
v -0.907414 1.837295 0.075486
v -0.915338 1.819873 0.024103
v -0.925155 1.823974 0.003844
v -0.927118 1.809901 0.044385
v -0.934487 1.818497 0.064914
v -0.927049 1.823327 0.098760
v -0.928019 1.835937 0.124964
v -0.920881 1.845782 0.160247
v -0.913004 1.853486 0.184756
v -0.909031 1.865902 0.218780
v -0.929544 1.823110 0.241940
v -0.940794 1.811051 0.211213
v -0.936821 1.808129 0.249901
v -0.954122 1.773821 0.267180
v -0.965418 1.764567 0.241123
v -0.962392 1.759287 0.274615
v -0.979047 1.735748 0.287466
v -0.987710 1.730486 0.269325
v -0.972649 1.751121 0.250836
v -0.949318 1.797115 0.220016
v -0.954769 1.784128 0.182546
v -0.963501 1.776887 0.151432
v -0.963247 1.768832 0.188503
v -0.988241 1.723819 0.207159
v -0.994432 1.715249 0.177914
v -0.997527 1.708799 0.212414
v -1.017324 1.679800 0.220721
v -1.019311 1.675663 0.196376
v -1.002956 1.700345 0.184622
v -0.971748 1.761726 0.158057
v -0.956017 1.768370 0.116410
v -0.958789 1.762590 0.083310
v -0.964194 1.752396 0.120702
v -0.982605 1.715348 0.128799
v -0.986301 1.707152 0.100374
v -0.991614 1.699654 0.132458
v -1.007553 1.675485 0.138487
v -1.009886 1.669222 0.113493
v -0.995171 1.691779 0.105433
v -0.966342 1.746526 0.088392
v -0.946084 1.772361 0.050786
v -0.975259 1.769289 0.063271
v -0.948694 1.772426 0.018245
v -0.954307 1.756039 0.053495
v -0.987664 1.739143 0.068171
v -0.970408 1.724306 0.058674
v -0.994224 1.721964 0.070143
v -0.973757 1.721922 0.032033
v -0.979463 1.708409 0.060954
v -0.993415 1.686630 0.063648
v -1.002702 1.698661 0.072123
v -1.014714 1.683729 0.064017
v -0.992468 1.683757 0.044232
v -1.014436 1.679490 0.048249
v -1.006120 1.690913 0.033701
v -0.997666 1.713586 0.024923
v -0.981727 1.705940 0.036787
v -0.990898 1.729975 0.019878
v -0.956386 1.756251 0.022749
v -0.969184 1.779229 0.006683
v -0.976206 1.762699 0.010945
v -1.004041 1.740061 0.028945
v -1.010833 1.722105 0.034154
v -1.017925 1.700479 0.040264
v -1.019472 1.704279 0.058982
v -1.010856 1.728206 0.054784
v -1.004665 1.745378 0.051818
v -0.993277 1.777194 0.046383
v -0.990643 1.771544 0.021067
v -0.827396 1.930846 0.195985
v -0.791383 1.938610 0.226087
v -0.822984 1.928240 0.224126
v -0.818086 1.915597 0.260206
v -0.787479 1.927917 0.262384
v -0.782443 1.955401 0.275110
v -0.781196 1.946320 0.296473
v -0.784407 1.921791 0.282985
v -0.814945 1.907614 0.284170
v -0.811110 1.905129 0.309508
v -0.785908 1.916106 0.311659
v -0.786393 1.930931 0.331162
v 0.006329 2.751205 -0.341145
v 0.015246 2.717978 -0.341674
v 0.015223 2.784435 -0.340618
v 0.039547 2.808782 -0.340228
v 0.072811 2.817708 -0.340092
v 0.106075 2.808782 -0.340228
v 0.130423 2.784435 -0.340618
v 0.139316 2.751205 -0.341145
v 0.130376 2.717978 -0.341674
v 0.106052 2.693677 -0.342067
v 0.072811 2.684798 -0.342203
v 0.039593 2.693677 -0.342067
v 0.060245 3.584443 0.269608
v 0.000000 3.584683 0.277203
v 0.000000 3.534127 0.295223
v 0.000000 3.641971 0.240298
v 0.060822 3.641685 0.231178
v 0.000000 3.685979 0.174875
v 0.060245 3.681179 0.172897
v 0.066597 3.699631 0.097413
v 0.000000 3.704286 0.097014
v 0.000000 3.708277 0.017363
v 0.069693 3.703568 0.013766
v 0.000000 3.699606 -0.068202
v 0.070917 3.694977 -0.069142
v 0.000000 3.666654 -0.159218
v 0.077293 3.661401 -0.154317
v 0.000000 3.600987 -0.221244
v 0.073966 3.590913 -0.218223
v 0.000000 3.543709 -0.242141
v 0.067683 3.532687 -0.235416
v 0.000000 3.473027 -0.256329
v 0.124648 3.528287 -0.212905
v 0.130515 3.593270 -0.187398
v 0.132455 3.646836 -0.141956
v 0.139547 3.670287 -0.067835
v 0.139201 3.679606 0.012461
v 0.130353 3.679463 0.096221
v 0.120051 3.662976 0.166582
v 0.113005 3.630414 0.217411
v 0.114599 3.582186 0.248508
v 0.156780 3.574616 0.212761
v 0.150820 3.614295 0.193581
v 0.160845 3.633859 0.147575
v 0.170755 3.638756 0.094519
v 0.178378 3.635411 0.014521
v 0.193832 3.580313 0.096194
v 0.181104 3.577922 0.159132
v 0.190021 3.527065 0.166069
v 0.163201 3.529756 0.223091
v 0.118272 3.531533 0.264174
v 0.062740 3.533358 0.286166
v 0.064380 3.505118 0.291398
v 0.000000 3.507723 0.300813
v 0.119104 3.503244 0.271488
v 0.167937 3.500172 0.231093
v 0.195819 3.496712 0.168755
v 0.206167 3.492750 0.102271
v 0.201663 3.523235 0.097871
v 0.200208 3.580916 0.012350
v 0.179256 3.622748 -0.064169
v 0.198036 3.575346 -0.064160
v 0.163178 3.607282 -0.141545
v 0.180157 3.576139 -0.145629
v 0.158004 3.526247 -0.188112
v 0.193162 3.519927 -0.141321
v 0.205428 3.519608 -0.068348
v 0.208477 3.519477 0.010583
v 0.209817 3.477829 -0.066643
v 0.200092 3.473265 -0.142813
v 0.171356 3.470458 -0.195372
v 0.125872 3.467737 -0.229771
v 0.068053 3.471692 -0.252519
v 0.064426 3.405240 -0.254176
v 0.000000 3.398098 -0.259382
v 0.125664 3.412143 -0.232321
v 0.173966 3.413304 -0.197553
v 0.207577 3.418520 -0.140447
v 0.200346 3.477262 0.099869
v 0.196743 3.482722 0.114835
v 0.194479 3.469673 0.120285
v 0.197528 3.450962 0.110264
v 0.203788 3.417594 0.094948
v 0.206745 3.361558 0.086425
v 0.204204 3.326878 0.051437
v 0.229152 3.318592 0.031151
v 0.258119 3.294947 0.011973
v 0.269739 3.260745 -0.000404
v 0.266597 3.221022 -0.003917
v 0.256987 3.230345 0.062604
v 0.245045 3.265511 0.082140
v 0.212843 3.294363 0.100807
v 0.191661 3.302898 0.106896
v 0.196835 3.328465 0.131352
v 0.196258 3.351597 0.146757
v 0.191984 3.413475 0.136725
v 0.193994 3.425409 0.146565
v 0.187295 3.394427 0.175618
v 0.183853 3.373166 0.168268
v 0.180573 3.326645 0.180846
v 0.179626 3.300923 0.164667
v 0.164842 3.268823 0.161839
v 0.192977 3.256509 0.158989
v 0.228136 3.232829 0.135004
v 0.239547 3.194349 0.107831
v 0.251467 3.201274 0.050876
v 0.254423 3.200140 -0.008784
v 0.241857 3.184081 0.041410
v 0.215639 3.189572 -0.006003
v 0.204689 3.176105 0.035420
v 0.223031 3.153085 0.101617
v 0.246823 3.184991 0.118203
v 0.235042 3.227798 0.144082
v 0.198660 3.250096 0.169661
v 0.151998 3.256181 0.196348
v 0.147262 3.275515 0.210047
v 0.141649 3.294141 0.226886
v 0.163710 3.337661 0.209296
v 0.167845 3.366277 0.199129
v 0.174220 3.386395 0.201664
v 0.164703 3.423542 0.176900
v 0.176669 3.439012 0.159543
v 0.165719 3.451230 0.179843
v 0.137260 3.423157 0.205824
v 0.134927 3.395698 0.234445
v 0.129198 3.379472 0.228529
v 0.135043 3.355250 0.231393
v 0.123885 3.314919 0.244563
v 0.119543 3.311893 0.244657
v 0.137699 3.292069 0.227901
v 0.145114 3.275365 0.211183
v 0.136729 3.290417 0.230495
v 0.119519 3.306328 0.244787
v 0.077708 3.324453 0.266311
v 0.080457 3.333362 0.260763
v 0.086925 3.338387 0.264024
v 0.096188 3.374302 0.252264
v 0.085470 3.404307 0.253911
v 0.092585 3.417790 0.258642
v 0.100577 3.437638 0.231255
v 0.135481 3.455051 0.216863
v 0.151698 3.477772 0.202999
v 0.176992 3.473473 0.155872
v 0.181173 3.485076 0.150793
v 0.150866 3.488285 0.208032
v 0.098937 3.479435 0.244133
v 0.090852 3.468213 0.247420
v 0.072649 3.454041 0.248744
v 0.045391 3.480428 0.271372
v 0.054146 3.493388 0.272652
v 0.107253 3.491052 0.243930
v 0.000000 3.494212 0.286355
v 0.000000 3.483866 0.284392
v 0.000000 3.475404 0.280612
v 0.041672 3.471098 0.270139
v 0.039501 3.457409 0.277272
v 0.065119 3.436370 0.271070
v 0.032825 3.455058 0.289919
v 0.060753 3.425099 0.270638
v 0.058235 3.396039 0.278390
v 0.032363 3.414184 0.299106
v 0.026426 3.378527 0.306558
v 0.055555 3.361819 0.284551
v 0.048833 3.355233 0.281615
v 0.022938 3.371059 0.300601
v 0.000000 3.374882 0.311181
v 0.000000 3.384235 0.316156
v 0.000000 3.423796 0.309321
v 0.000000 3.464584 0.298864
v 0.000000 3.348756 0.317524
v 0.022453 3.346462 0.309924
v 0.000000 3.347816 0.322869
v 0.043659 3.340271 0.290220
v 0.048533 3.337837 0.295103
v 0.025479 3.344529 0.315369
v 0.023955 3.256058 0.337425
v 0.000000 3.259858 0.348051
v 0.000000 3.247812 0.330957
v 0.010695 3.244998 0.324528
v 0.037422 3.245518 0.320421
v 0.070085 3.287227 0.286408
v 0.081427 3.321981 0.269993
v 0.121598 3.303489 0.248596
v 0.096535 3.264309 0.270488
v 0.136567 3.287091 0.231985
v 0.149064 3.256527 0.194904
v 0.108431 3.225368 0.252830
v 0.107646 3.248211 0.260478
v 0.059459 3.176823 0.294475
v 0.052737 3.204300 0.300291
v 0.045022 3.231369 0.309286
v 0.026034 3.239669 0.314525
v 0.018249 3.216178 0.317875
v 0.000000 3.211616 0.330083
v 0.027304 3.178389 0.317122
v 0.000000 3.174219 0.327076
v 0.027166 3.142381 0.304549
v 0.000000 3.138904 0.310873
v 0.000000 3.115261 0.270386
v 0.022730 3.123813 0.267459
v 0.000000 3.111838 0.220989
v 0.040887 3.147680 0.294489
v 0.039801 3.181641 0.301419
v 0.029730 3.217363 0.302608
v 0.035435 3.229364 0.307224
v 0.045253 3.199385 0.297533
v 0.044745 3.167123 0.271876
v 0.037445 3.133841 0.262269
v 0.024417 3.127303 0.215281
v 0.000000 3.124617 0.187099
v 0.032964 3.125578 0.189009
v 0.000000 3.118179 0.158711
v 0.037653 3.142392 0.219589
v 0.050081 3.158902 0.249993
v 0.045830 3.142690 0.229772
v 0.047332 3.119602 0.224650
v 0.048510 3.100482 0.192040
v 0.039824 3.112639 0.159719
v 0.097944 3.100988 0.131610
v 0.062324 3.091611 0.158344
v 0.098221 3.074709 0.186794
v 0.063825 3.085793 0.187949
v 0.064472 3.087888 0.218552
v 0.097366 3.078267 0.222065
v 0.067498 3.099530 0.232377
v 0.054031 3.123478 0.231763
v 0.053038 3.139676 0.234650
v 0.054793 3.151969 0.241938
v 0.058905 3.157509 0.254244
v 0.062786 3.156370 0.251067
v 0.060245 3.150413 0.241687
v 0.059898 3.139258 0.236004
v 0.061354 3.125779 0.234394
v 0.073620 3.104092 0.234914
v 0.097020 3.087523 0.237145
v 0.130677 3.094314 0.246593
v 0.140771 3.081738 0.225863
v 0.136983 3.075855 0.185741
v 0.167683 3.083284 0.194128
v 0.147424 3.104277 0.130398
v 0.128159 3.131394 0.102668
v 0.171263 3.139112 0.098219
v 0.217972 3.206721 -0.095751
v 0.234650 3.369775 -0.024259
v 0.233287 3.363446 0.007418
v 0.231023 3.372258 0.034159
v 0.231739 3.397855 0.005156
v 0.233402 3.398111 -0.031575
v 0.235066 3.394122 -0.044529
v 0.233841 3.421001 -0.053326
v 0.231000 3.450537 -0.048221
v 0.231416 3.435797 -0.033337
v 0.229891 3.470045 -0.027572
v 0.228320 3.478160 0.002680
v 0.229498 3.438837 0.003084
v 0.227050 3.472138 0.030996
v 0.227073 3.451590 0.051541
v 0.227766 3.422184 0.060114
v 0.227627 3.437850 0.040093
v 0.238438 3.435818 0.032761
v 0.241303 3.436157 0.003144
v 0.242481 3.434556 -0.023545
v 0.244906 3.402348 -0.023226
v 0.243774 3.401773 0.004780
v 0.240171 3.402447 0.033625
v 0.229244 3.400415 0.040968
v 0.229175 3.396254 0.054251
v 0.214922 3.356633 -0.142478
v 0.252483 3.327220 -0.147377
v 0.268376 3.290431 -0.148694
v 0.213906 3.327557 -0.208726
v 0.181520 3.355141 -0.202496
v 0.130630 3.345076 -0.238881
v 0.153476 3.318322 -0.254820
v 0.065281 3.333607 -0.260408
v 0.000000 3.329447 -0.265571
v 0.077870 3.309043 -0.279419
v 0.000000 3.300699 -0.289004
v 0.171471 3.276541 -0.261274
v 0.231785 3.285132 -0.212154
v 0.168861 3.237317 -0.253316
v 0.230422 3.250357 -0.206070
v 0.266020 3.252452 -0.147456
v 0.240864 3.220179 -0.149979
v 0.205867 3.218784 -0.199530
v 0.151559 3.210424 -0.237611
v 0.090806 3.228287 -0.281783
v 0.091037 3.262975 -0.291471
v 0.000000 3.257518 -0.301792
v 0.000000 3.221198 -0.290413
v 0.074613 3.199352 -0.258987
v 0.000000 3.194772 -0.264275
v 0.059459 3.189914 -0.233476
v 0.000000 3.186689 -0.239038
v 0.127720 3.198955 -0.214254
v 0.171610 3.205737 -0.183014
v 0.206144 3.208955 -0.137193
v 0.188080 3.205552 0.224632
v 0.149596 3.222309 0.233465
v 0.113883 3.209962 0.253936
v 0.076507 3.170849 0.280820
v 0.054516 3.172138 0.291710
v 0.068307 3.163695 0.274597
v 0.071610 3.161436 0.269605
v 0.085308 3.158269 0.215140
v 0.087087 3.139151 0.206126
v 0.092654 3.131039 0.205387
v 0.116770 3.150221 0.210562
v 0.105382 3.125534 0.208217
v 0.097713 3.094025 0.241077
v 0.128182 3.099972 0.248633
v 0.120628 3.129433 0.207240
v 0.135736 3.132877 0.213902
v 0.151559 3.119482 0.255369
v 0.157958 3.115104 0.254352
v 0.171656 3.104109 0.239790
v 0.171494 3.145227 0.254653
v 0.164079 3.144691 0.256681
v 0.144883 3.144929 0.211305
v 0.148441 3.163462 0.217078
v 0.128066 3.175416 0.222458
v 0.103280 3.173557 0.222100
v 0.138369 3.184887 0.253939
v 0.161238 3.167065 0.254590
v 0.167983 3.172496 0.252340
v 0.195518 3.142498 0.233962
v 0.197551 3.106128 0.209173
v 0.197343 3.110671 0.144898
v 0.225756 3.136453 0.170296
v 0.223031 3.175215 0.198360
v 0.140748 3.191891 0.253950
v 0.106098 3.181875 0.259557
v 0.081173 3.169168 0.274424
v 0.105544 3.189821 0.261689
v -0.060245 3.584443 0.269608
v -0.060822 3.641685 0.231178
v -0.060245 3.681179 0.172897
v -0.066597 3.699631 0.097413
v -0.069693 3.703568 0.013766
v -0.070917 3.694977 -0.069142
v -0.077293 3.661401 -0.154317
v -0.073966 3.590913 -0.218223
v -0.067683 3.532687 -0.235416
v -0.124648 3.528287 -0.212905
v -0.130515 3.593270 -0.187398
v -0.132455 3.646836 -0.141956
v -0.139547 3.670287 -0.067835
v -0.139201 3.679606 0.012461
v -0.130353 3.679463 0.096221
v -0.120051 3.662976 0.166582
v -0.113005 3.630414 0.217411
v -0.114599 3.582186 0.248508
v -0.156780 3.574616 0.212761
v -0.150820 3.614295 0.193581
v -0.160845 3.633859 0.147575
v -0.170755 3.638756 0.094519
v -0.178378 3.635411 0.014521
v -0.193832 3.580313 0.096194
v -0.181104 3.577922 0.159132
v -0.190021 3.527065 0.166069
v -0.163201 3.529756 0.223091
v -0.118272 3.531533 0.264174
v -0.062740 3.533358 0.286166
v -0.064380 3.505118 0.291398
v -0.119104 3.503244 0.271488
v -0.167937 3.500172 0.231093
v -0.195819 3.496712 0.168755
v -0.206167 3.492750 0.102271
v -0.201663 3.523235 0.097871
v -0.200208 3.580916 0.012350
v -0.179256 3.622748 -0.064169
v -0.198036 3.575346 -0.064160
v -0.163178 3.607282 -0.141545
v -0.180157 3.576139 -0.145629
v -0.158004 3.526247 -0.188112
v -0.193162 3.519927 -0.141321
v -0.205428 3.519608 -0.068348
v -0.208477 3.519477 0.010583
v -0.209817 3.477829 -0.066643
v -0.200092 3.473265 -0.142813
v -0.171356 3.470458 -0.195372
v -0.125872 3.467737 -0.229771
v -0.068053 3.471692 -0.252519
v -0.064426 3.405240 -0.254176
v -0.125664 3.412143 -0.232321
v -0.173966 3.413304 -0.197553
v -0.207577 3.418520 -0.140447
v -0.200346 3.477262 0.099869
v -0.196743 3.482722 0.114835
v -0.194479 3.469673 0.120285
v -0.197528 3.450962 0.110264
v -0.203788 3.417594 0.094948
v -0.206745 3.361558 0.086425
v -0.204204 3.326878 0.051437
v -0.229152 3.318592 0.031151
v -0.258119 3.294947 0.011973
v -0.269739 3.260745 -0.000404
v -0.266597 3.221022 -0.003917
v -0.257011 3.230345 0.062604
v -0.245045 3.265511 0.082140
v -0.212843 3.294363 0.100807
v -0.191661 3.302898 0.106896
v -0.196835 3.328465 0.131352
v -0.196258 3.351597 0.146757
v -0.191984 3.413475 0.136725
v -0.193994 3.425409 0.146565
v -0.187295 3.394427 0.175618
v -0.183853 3.373166 0.168268
v -0.180573 3.326645 0.180846
v -0.179626 3.300923 0.164667
v -0.164842 3.268823 0.161839
v -0.192977 3.256509 0.158989
v -0.228136 3.232829 0.135004
v -0.239547 3.194349 0.107831
v -0.251467 3.201274 0.050876
v -0.254423 3.200140 -0.008784
v -0.241857 3.184081 0.041410
v -0.215639 3.189572 -0.006003
v -0.204689 3.176105 0.035420
v -0.223031 3.153085 0.101617
v -0.246823 3.184991 0.118203
v -0.235042 3.227798 0.144082
v -0.198660 3.250096 0.169661
v -0.151998 3.256181 0.196348
v -0.147262 3.275515 0.210047
v -0.141649 3.294141 0.226886
v -0.163710 3.337661 0.209296
v -0.167845 3.366277 0.199129
v -0.174220 3.386395 0.201664
v -0.164703 3.423542 0.176900
v -0.176669 3.439012 0.159543
v -0.165719 3.451230 0.179843
v -0.137260 3.423157 0.205824
v -0.134927 3.395698 0.234445
v -0.129198 3.379472 0.228529
v -0.135043 3.355250 0.231393
v -0.123908 3.314919 0.244563
v -0.119566 3.311893 0.244657
v -0.137699 3.292069 0.227901
v -0.145137 3.275365 0.211183
v -0.136752 3.290417 0.230495
v -0.119543 3.306328 0.244787
v -0.077708 3.324453 0.266311
v -0.080457 3.333362 0.260763
v -0.086925 3.338387 0.264024
v -0.096188 3.374302 0.252264
v -0.085470 3.404307 0.253911
v -0.092585 3.417790 0.258642
v -0.100577 3.437638 0.231255
v -0.135481 3.455051 0.216863
v -0.151698 3.477772 0.202999
v -0.176992 3.473473 0.155872
v -0.181173 3.485076 0.150793
v -0.150866 3.488285 0.208032
v -0.098937 3.479435 0.244133
v -0.090852 3.468213 0.247420
v -0.072649 3.454041 0.248744
v -0.045391 3.480428 0.271372
v -0.054146 3.493388 0.272652
v -0.107253 3.491052 0.243930
v -0.041672 3.471098 0.270139
v -0.039501 3.457409 0.277272
v -0.065119 3.436370 0.271070
v -0.032825 3.455058 0.289919
v -0.060753 3.425099 0.270638
v -0.058235 3.396039 0.278390
v -0.032363 3.414184 0.299106
v -0.026426 3.378527 0.306558
v -0.055555 3.361819 0.284551
v -0.048833 3.355233 0.281615
v -0.022938 3.371059 0.300601
v -0.022453 3.346462 0.309924
v -0.043659 3.340271 0.290220
v -0.048556 3.337837 0.295103
v -0.025479 3.344529 0.315369
v -0.023978 3.256058 0.337425
v -0.010695 3.244998 0.324528
v -0.037422 3.245518 0.320421
v -0.070085 3.287227 0.286408
v -0.081427 3.321981 0.269993
v -0.121598 3.303489 0.248596
v -0.096558 3.264309 0.270488
v -0.136590 3.287091 0.231985
v -0.149087 3.256527 0.194904
v -0.108431 3.225368 0.252830
v -0.107646 3.248211 0.260478
v -0.059459 3.176823 0.294475
v -0.052760 3.204300 0.300291
v -0.045022 3.231369 0.309286
v -0.026034 3.239669 0.314525
v -0.018249 3.216178 0.317875
v -0.027304 3.178389 0.317122
v -0.027189 3.142381 0.304549
v -0.022730 3.123813 0.267459
v -0.040887 3.147680 0.294489
v -0.039801 3.181641 0.301419
v -0.029753 3.217363 0.302608
v -0.035435 3.229364 0.307224
v -0.045276 3.199385 0.297533
v -0.044768 3.167123 0.271876
v -0.037445 3.133841 0.262269
v -0.024440 3.127303 0.215281
v -0.032964 3.125578 0.189009
v -0.037676 3.142392 0.219589
v -0.050081 3.158902 0.249993
v -0.045830 3.142690 0.229772
v -0.047332 3.119602 0.224650
v -0.048510 3.100482 0.192040
v -0.039847 3.112639 0.159719
v -0.097944 3.100988 0.131610
v -0.062324 3.091611 0.158344
v -0.063848 3.085793 0.187949
v -0.064472 3.087888 0.218552
v -0.067498 3.099530 0.232377
v -0.054054 3.123478 0.231763
v -0.053038 3.139676 0.234650
v -0.054793 3.151969 0.241938
v -0.058905 3.157509 0.254244
v -0.062786 3.156370 0.251067
v -0.060245 3.150413 0.241687
v -0.059898 3.139258 0.236004
v -0.061354 3.125779 0.234394
v -0.087110 3.139151 0.206126
v -0.085308 3.158269 0.215140
v -0.071610 3.161436 0.269605
v -0.068307 3.163695 0.274597
v -0.054539 3.172138 0.291710
v -0.076507 3.170849 0.280820
v -0.081173 3.169168 0.274424
v -0.105567 3.189821 0.261689
v -0.106098 3.181875 0.259557
v -0.103303 3.173557 0.222100
v -0.116794 3.150221 0.210562
v -0.092654 3.131039 0.205387
v -0.073620 3.104092 0.234914
v -0.105405 3.125534 0.208217
v -0.097713 3.094025 0.241077
v -0.097020 3.087523 0.237145
v -0.097366 3.078267 0.222065
v -0.098221 3.074709 0.186794
v -0.136752 3.075855 0.185741
v -0.140795 3.081738 0.225863
v -0.130677 3.094314 0.246593
v -0.128182 3.099972 0.248633
v -0.120628 3.129433 0.207240
v -0.135736 3.132877 0.213902
v -0.151559 3.119482 0.255369
v -0.157981 3.115104 0.254352
v -0.171679 3.104109 0.239790
v -0.167683 3.083284 0.194128
v -0.146870 3.104277 0.130398
v -0.128159 3.131394 0.102668
v -0.171240 3.139112 0.098219
v -0.217972 3.206721 -0.095751
v -0.234650 3.369775 -0.024259
v -0.233287 3.363446 0.007418
v -0.231023 3.372258 0.034159
v -0.231739 3.397855 0.005156
v -0.233402 3.398111 -0.031575
v -0.235066 3.394122 -0.044529
v -0.233841 3.421001 -0.053326
v -0.231000 3.450537 -0.048221
v -0.231416 3.435797 -0.033337
v -0.229891 3.470045 -0.027572
v -0.228320 3.478160 0.002680
v -0.229498 3.438837 0.003084
v -0.227050 3.472138 0.030996
v -0.227073 3.451590 0.051541
v -0.227766 3.422184 0.060114
v -0.227627 3.437850 0.040093
v -0.238438 3.435818 0.032761
v -0.241303 3.436157 0.003144
v -0.242481 3.434556 -0.023545
v -0.244906 3.402348 -0.023226
v -0.243774 3.401773 0.004780
v -0.240171 3.402447 0.033625
v -0.229244 3.400415 0.040968
v -0.229175 3.396254 0.054251
v -0.113883 3.209962 0.253936
v -0.149249 3.222309 0.233465
v -0.140771 3.191891 0.253950
v -0.138369 3.184887 0.253939
v -0.167983 3.172496 0.252340
v -0.188080 3.205552 0.224632
v -0.223031 3.175215 0.198360
v -0.195518 3.142498 0.233962
v -0.224948 3.136453 0.170296
v -0.196881 3.110671 0.144898
v -0.197551 3.106128 0.209173
v -0.171494 3.145227 0.254653
v -0.164102 3.144691 0.256681
v -0.161238 3.167065 0.254590
v -0.148441 3.163462 0.217078
v -0.144883 3.144929 0.211305
v -0.128066 3.175416 0.222458
v -0.214922 3.356633 -0.142478
v -0.252483 3.327220 -0.147377
v -0.268376 3.290431 -0.148694
v -0.213929 3.327557 -0.208726
v -0.181520 3.355141 -0.202496
v -0.130630 3.345076 -0.238881
v -0.153499 3.318322 -0.254820
v -0.065281 3.333607 -0.260408
v -0.077870 3.309043 -0.279419
v -0.171471 3.276541 -0.261274
v -0.231808 3.285132 -0.212154
v -0.230446 3.250357 -0.206070
v -0.266043 3.252452 -0.147456
v -0.240887 3.220179 -0.149979
v -0.205867 3.218784 -0.199530
v -0.168861 3.237317 -0.253316
v -0.090829 3.228287 -0.281783
v -0.091037 3.262975 -0.291471
v -0.074613 3.199352 -0.258987
v -0.151582 3.210424 -0.237611
v -0.171633 3.205737 -0.183014
v -0.206144 3.208955 -0.137193
v -0.127720 3.198955 -0.214254
v -0.059459 3.189914 -0.233476
v 0.028413 2.777200 -0.355368
v 0.021529 2.751580 -0.355742
v 0.047170 2.795973 -0.355102
v 0.072811 2.802841 -0.354993
v 0.098452 2.795973 -0.355102
v 0.117232 2.777200 -0.355368
v 0.124116 2.751580 -0.355742
v 0.117232 2.725939 -0.356114
v 0.098452 2.707186 -0.356379
v 0.072811 2.700318 -0.356488
v 0.047170 2.707186 -0.356379
v 0.028413 2.725939 -0.356114
v 0.039016 2.751129 -0.339941
v 0.043543 2.734227 -0.340172
v 0.055925 2.721880 -0.340341
v 0.072811 2.717350 -0.340383
v 0.089720 2.721880 -0.340341
v 0.102079 2.734227 -0.340172
v 0.106606 2.751129 -0.339941
v 0.102102 2.768029 -0.339734
v 0.075375 2.750328 -0.339662
v 0.043543 2.768029 -0.339734
v 0.055925 2.780399 -0.339567
v 0.072811 2.784908 -0.339500
v 0.089720 2.780399 -0.339567