v -0.000581696 -0.734665 -0.623267
v 0.000283538 -1 0.286843
v -0.117277 -0.973564 0.306907
v -0.382144 -0.890788 0.221243
v -0.247144 -0.942602 0.276051
v -0.656078 -0.718512 -0.109025
v -0.609847 -0.786562 0.0198068
v -0.66248 -0.632053 -0.244271
v -0.511812 -0.845392 0.127809
v -0.609326 -0.569868 -0.41571
v -0.426949 -0.649767 -0.567143
v -0.201076 -0.720822 -0.633205
v 0.117382 -0.973645 0.306766
v 0.382454 -0.890869 0.221097
v 0.247512 -0.942667 0.275986
v 0.656371 -0.718624 -0.109224
v 0.610273 -0.786562 0.0197893
v 0.66248 -0.631463 -0.244119
v 0.511631 -0.845357 0.127832
v 0.608654 -0.568839 -0.416318
v 0.424663 -0.649937 -0.567418
v 0.198972 -0.720968 -0.633141
v 0.153371 -0.140519 0.477416
v 0.134781 -0.14723 0.48805
v 0.131261 -0.132153 0.49872
v 0.14749 -0.135105 0.489565
v 0.000686924 -0.0534984 0.505694
v 0.075062 -0.0473306 0.49955
v 0.0695841 -0.0997942 0.550277
v 0.0302569 -0.0971868 0.55389
v 0.0745124 -0.135953 0.523215
v 0.0354892 -0.12785 0.535159
v 0.0389268 -0.109557 0.550558
v 0.0734835 -0.11538 0.538029
v 0.106386 -0.125623 0.51513
v 0.107415 -0.144295 0.5047
v 0.15968 -0.130861 0.484794
v 0.156224 -0.123705 0.486735
v 0.15792 -0.107798 0.4677
v 0.163784 -0.126996 0.470144
v 0.154687 -0.134655 0.486373
v 0.160668 -0.135649 0.476189
v 0.143433 -0.119034 0.499854
v 0.131606 -0.0726738 0.476148
v -0.000260156 -0.124553 0.539058
v -0.000646004 -0.110651 0.55444
v 0.100423 -0.10574 0.537643
v 0.126128 -0.115784 0.515598
v 0.250944 -0.275583 0.380381
v 0.221602 -0.335752 0.330174
v 0.275434 -0.301318 0.24751
v 0.307699 -0.239869 0.292356
v 0.332124 -0.0415605 0.412962
v 0.319444 0.00732526 0.451091
v 0.28667 -0.025805 0.481549
v 0.297006 -0.0758717 0.454242
v 0.357953 -0.159928 -0.223225
v 0.303981 -0.144611 -0.343644
v 0.296386 -0.0547553 -0.357792
v 0.357339 -0.0633433 -0.24278
v 0.45086 0.331215 0.047962
v 0.438899 0.336167 0.131147
v 0.447405 0.226107 0.139349
v 0.455613 0.205353 0.0827643
v 0.197493 -0.411308 0.138256
v 0.204911 -0.353378 0.2082
v 0.102001 -0.419375 0.24969
v 0.0995867 -0.475697 0.20834
v 0.150133 -0.372261 0.431226
v 0.176423 -0.362054 0.392056
v 0.196019 -0.326474 0.426929
v 0.154611 -0.348549 0.463444
v 0.0892273 -0.391968 0.303592
v 0.159013 -0.363737 0.305077
v 0.455712 0.508986 -0.0641442
v 0.432146 0.648411 -0.0417475
v 0.417051 0.611568 0.0817295
v 0.44205 0.483438 0.0478626
v 0.3446 0.43288 0.398633
v 0.372358 0.383369 0.353998
v 0.388341 0.404485 0.306953
v 0.355059 0.467372 0.356967
v 0.305162 0.338815 0.458112
v 0.298579 0.319803 0.456627
v 0.313422 0.304568 0.427776
v 0.323711 0.315968 0.429291
v 0.33161 0.397557 0.430226
v 0.354427 0.359727 0.390478
v 0.304162 0.291952 0.432377
v 0.292662 0.309771 0.452991
v 0.282934 0.292496 0.4562
v 0.292025 0.281663 0.435178
v 0.397344 0.565249 0.192585
v 0.42257 0.455996 0.145494
v 0.317848 0.364866 0.448834
v 0.340595 0.337517 0.417978
v 0.243227 0.479439 0.494236
v 0.250155 0.546138 0.465934
v 0.179019 0.560251 0.511681
v 0.170173 0.4781 0.536229
v 0.162386 0.410407 0.547009
v 0.235031 0.427051 0.517018
v 0.271745 0.634415 0.42162
v 0.196896 0.657291 0.472505
v 0.186589 0.312952 0.511073
v 0.189518 0.32493 0.514165
v 0.146286 0.31277 0.509009
v 0.144959 0.300178 0.501713
v 0.143965 0.300412 0.49409
v 0.187203 0.310596 0.506407
v 0.157744 0.364614 0.528804
v 0.216697 0.382527 0.516083
v 0.194441 0.332425 0.515989
v 0.204286 0.349818 0.516732
v 0.156254 0.334062 0.519579
v 0.151565 0.320341 0.513961
v 0.0431068 0.071791 0.618005
v 0.0477954 0.0867105 0.593486
v 0.0780844 0.0816652 0.602518
v 0.0574124 0.0746147 0.621185
v 0.448253 0.130656 0.149533
v 0.431801 0.159355 0.215905
v 0.422792 0.0771637 0.237185
v 0.428691 0.0348783 0.166914
v 0.365073 -0.0526507 0.316126
v 0.326974 -0.104793 0.373068
v 0.312773 -0.172965 0.33446
v 0.368107 -0.126698 0.269222
v 0.203695 -0.131796 0.523934
v 0.180463 -0.136479 0.525396
v 0.182848 -0.14892 0.516989
v 0.204163 -0.152533 0.514914
v 0.39379 0.00616771 0.269368
v 0.40177 -0.0591341 0.209048
v 0.26083 -0.0996422 0.484274
v 0.250406 -0.0552171 0.50321
v 0.15851 -0.136292 0.498474
v 0.155032 -0.134684 0.502964
v 0.145006 -0.133819 0.514504
v 0.171033 -0.12032 0.538263
v 0.158849 -0.127938 0.534943
v 0.167969 -0.138075 0.523788
v 0.232061 -0.151474 0.497024
v 0.23074 -0.117128 0.507191
v 0.365798 0.221617 0.362743
v 0.342501 0.235507 0.392185
v 0.325951 0.202558 0.415114
v 0.359268 0.178677 0.383229
v 0.352369 0.0489033 0.417452
v 0.322262 0.0907619 0.44953
v 0.295322 0.04895 0.483251
v 0.367108 0.00328555 0.369771
v 0.138972 -0.18796 0.555521
v 0.161562 -0.177794 0.535913
v 0.154015 -0.155093 0.536392
v 0.136131 -0.156414 0.558491
v 0.220263 -0.08194 0.518603
v 0.202088 -0.0486753 0.52791
v 0.17564 -0.0814314 0.545822
v 0.193131 -0.106435 0.533575
v 0.199492 -0.169714 0.509722
v 0.190033 -0.188183 0.514668
v 0.207302 -0.213011 0.492721
v 0.222415 -0.183044 0.489617
v 0.125088 -0.132884 0.551294
v 0.144497 -0.139192 0.530254
v 0.135014 0.119128 0.544717
v 0.119534 0.149685 0.554253
v 0.096915 0.171211 0.569382
v 0.112553 0.137432 0.569616
v 0.0878476 0.217858 0.555667
v 0.0649773 0.232128 0.568628
v 0.073466 0.185119 0.584571
v 0.116359 0.191199 0.548932
v 0.111419 0.228591 0.524951
v 0.0858774 0.255408 0.530312
v 0.301408 0.0368718 -0.387812
v 0.366839 0.037626 -0.269538
v 0.272125 -0.199781 0.399533
v 0.246349 -0.195514 0.453266
v 0.223339 -0.243049 0.450553
v 0.364021 -0.197455 0.21335
v 0.411416 -0.124798 0.140589
v 0.431568 -0.0028997 0.0907502
v 0.449346 0.11075 0.0889086
v 0.0649948 0.777167 0.432594
v 0.133465 0.770619 0.418569
v 0.14341 0.869244 0.301253
v 0.0689586 0.877043 0.315395
v 0.305372 0.809321 0.22043
v 0.289307 0.723856 0.335524
v 0.355187 0.660735 0.264773
v 0.372264 0.728258 0.148528
v 0.382308 0.7766 0.0116631
v 0.0971488 0.470588 0.557912
v 0.110788 0.565185 0.534317
v 0.100113 0.277828 0.510938
v 0.10966 0.248679 0.503771
v 0.0443988 0.240822 0.58581
v 0.0522151 0.193614 0.604337
v 0.052601 0.564735 0.541859
v 0.123726 0.667896 0.498907
v 0.0597976 0.671147 0.508711
v 0.0466729 0.466215 0.561034
v 0.000423846 0.462807 0.558988
v -0.00017831 0.388326 0.563478
v 0.0352086 0.389069 0.560584
v 0.000833078 0.56384 0.544139
v 0.295773 0.426823 0.470722
v 0.301706 0.464689 0.451056
v 0.189957 0.181465 0.501181
v 0.186163 0.208931 0.491956
v 0.141574 0.222722 0.500509
v 0.146526 0.195338 0.518293
v 0.111986 0.0116865 0.562811
v 0.111343 0.0404672 0.565769
v 0.0577164 0.0420398 0.577988
v 0.0656438 -0.00796249 0.596918
v 0.147695 0.0440509 0.537258
v 0.144778 0.0631738 0.538491
v 0.0268719 -0.0140834 0.602378
v 0.0270356 -0.0372401 0.622027
v 0.0876429 -0.0456996 0.601127
v 0.183093 0.146552 0.519439
v 0.148589 0.164593 0.536819
v 0.147344 0.131095 0.542934
v 0.176733 0.112264 0.532435
v -0.000394618 -0.0441035 0.617625
v -0.000260156 -0.0187662 0.600677
v 0.165058 0.0770935 0.530856
v 0.148554 0.0982976 0.535562
v 0.116476 0.272829 0.494797
v 0.119084 0.26261 0.493569
v 0.120873 0.268971 0.480883
v 0.11761 0.27287 0.484221
v 0.224695 0.848444 0.271198
v 0.231324 0.918189 0.121063
v 0.14614 0.9439 0.150241
v 0.241894 0.945736 -0.185803
v 0.156043 0.976475 -0.183418
v 0.146906 0.980702 -0.0177607
v 0.23195 0.948285 -0.0402158
v 0.0684324 0.995189 -0.00981573
v 0.0682103 0.955014 0.162933
v 0.0891571 0.383649 0.555118
v 0.110613 0.336412 0.528863
v 0.122749 0.310759 0.512914
v 0.147081 -0.111919 0.55631
v 0.158656 -0.0994551 0.55786
v 0.0939743 0.0869969 0.616333
v 0.101206 0.119326 0.615532
v 0.0670469 0.122121 0.645885
v 0.0560853 0.0831385 0.640601
v 0.0795284 0.0820978 0.567845
v 0.0337354 0.0564741 0.595059
v 0.0854448 -0.103577 0.606979
v 0.0826211 -0.0671141 0.612931
v 0.0280704 -0.0555854 0.637736
v 0.0319698 -0.0970874 0.628212
v 0.0789964 -0.121811 0.579602
v 0.0327415 -0.116959 0.594106
v 0.0216981 0.0173339 0.585915
v -0.00123062 -0.095585 0.625704
v -0.000511542 -0.0598999 0.637227
v -0.00157555 -0.115643 0.593966
v -0.000219233 -0.0988881 0.554498
v 0.0291929 0.0853015 0.665324
v 0.0352671 0.124524 0.666125
v 0.0371846 0.159004 0.648446
v 0.0654158 0.154462 0.629171
v 0.0280178 0.19967 0.620548
v 0.0221015 0.245843 0.59797
v 0.0432997 0.281499 0.556866
v 0.0222008 0.28717 0.567459
v -0.000400465 0.125745 0.673871
v -0.00057585 0.0822265 0.675105
v -0.000347849 0.160916 0.656029
v 0.367195 0.315074 0.363767
v 0.346658 0.302744 0.393991
v 0.344389 0.266656 0.384439
v 0.371726 0.266504 0.352507
v 0.40246 0.429197 0.234116
v 0.422126 0.335763 0.207276
v 0.393316 0.264083 0.313887
v 0.387102 0.325737 0.325369
v 0.3274 0.295928 0.408636
v 0.316392 0.29076 0.418709
v 0.3085 0.274624 0.423199
v 0.323636 0.272379 0.406602
v 0.429381 0.244458 0.204002
v 0.407084 0.332408 0.277313
v 0.410597 0.257869 0.266264
v -0.0012657 -0.456867 0.290093
v -0.00137093 -0.520579 0.266159
v 0.154137 -0.304206 0.500479
v 0.193482 -0.282873 0.473493
v 0.186367 -0.242201 0.509588
v 0.148993 -0.26399 0.525367
v 0.110332 -0.274916 0.545857
v 0.099347 -0.233134 0.560204
v 0.0558865 -0.227615 0.569605
v 0.0659185 -0.270006 0.563817
v 0.154687 -0.142577 0.51838
v 0.159498 -0.143009 0.513072
v 0.154646 -0.138239 0.502496
v 0.149045 -0.137596 0.50639
v 0.15958 -0.138174 0.517463
v 0.161574 -0.141559 0.511657
v 0.0940387 -0.129288 0.582226
v 0.109215 -0.12609 0.531844
v 0.0782715 -0.117578 0.557129
v 0.264817 0.0151299 0.501573
v 0.280122 0.127096 0.47057
v 0.262508 0.0886748 0.494464
v 0.187613 0.050926 0.529248
v 0.207829 0.0868157 0.523449
v 0.231821 -0.0170182 0.518246
v 0.304138 0.164985 0.443485
v 0.343004 0.132813 0.418235
v 0.313621 0.250742 0.418382
v 0.290815 0.22492 0.444303
v 0.355269 -0.194146 0.0276407
v 0.388534 -0.179618 0.0746089
v 0.336544 -0.25083 0.156379
v 0.29365 -0.279868 0.104617
v 0.389288 0.153006 0.345258
v 0.39155 0.205715 0.320166
v 0.127262 0.566927 -0.64996
v 0.000868155 0.562946 -0.661419
v 0.000850617 0.724441 -0.605705
v 0.118774 0.725955 -0.596105
v 0.21095 0.754513 0.387525
v 0.133734 -0.133188 0.514651
v 0.131302 -0.13393 0.53047
v 0.0671053 -0.326445 0.551902
v 0.0661056 -0.374553 0.504765
v 0.117289 -0.365439 0.489939
v 0.116552 -0.318792 0.528974
v 0.288249 -0.135286 0.424736
v 0.39393 0.0544045 0.33225
v 0.374655 0.0965379 0.38044
v 0.000792155 1 -0.0074948
v 0.0731795 0.993937 -0.182792
v 0.000868155 0.999152 -0.181886
v 0.179405 0.936399 -0.330549
v 0.0842755 0.953459 -0.338026
v 0.141767 0.271455 0.486238
v 0.139978 0.267433 0.490862
v 0.175908 0.259465 0.501362
v 0.175312 0.263359 0.495861
v 0.181597 0.230187 0.495539
v 0.140253 0.240576 0.495341
v 0.336982 0.587763 0.356927
v 0.312043 0.518258 0.416183
v 0.259971 0.350203 0.495411
v 0.250763 0.331028 0.496036
v 0.114179 0.255893 0.495902
v 0.111069 0.276518 0.499456
v 0.125433 0.293116 0.500415
v 0.124965 0.282353 0.489968
v 0.13906 0.254928 0.497457
v 0.17737 0.2462 0.50062
v 0.121796 0.272327 0.47658
v 0.149548 0.0847578 0.549377
v 0.142825 -0.226381 0.544992
v 0.106181 -0.197232 0.576871
v 0.258193 -0.146669 0.465227
v 0.2105 0.0188071 0.525711
v 0.181041 -0.0155508 0.531721
v 0.173453 -0.168949 0.5218
v 0.180322 -0.15877 0.514949
v 0.168554 -0.150118 0.516667
v 0.163082 -0.153579 0.523344
v 0.139124 -0.128733 0.545343
v 0.152348 -0.134468 0.527471
v 0.416192 -0.0714636 0.0335278
v 0.0220956 0.0520719 0.640232
v 0.0361615 0.0619695 0.628476
v -0.000283541 0.202056 0.62768
v 0.0869063 -0.0493125 -0.489641
v 0.192289 -0.0534399 -0.447186
v 0.192003 -0.134672 -0.429197
v 0.0851642 -0.130335 -0.46373
v 0.236434 0.310245 0.495686
v 0.237714 0.31211 0.497539
v 0.244636 0.32534 0.496212
v 0.121253 0.281932 0.477293
v 0.173149 -0.207241 0.528208
v -0.000242618 0.247989 0.603612
v -0.00037708 0.28838 0.571697
v 0.108496 -0.160507 0.588207
v 0.0613995 -0.166388 0.620127
v 0.0634222 -0.199565 0.59462
v 0.0893734 0.151176 0.600127
v 0.122124 0.0729427 0.596088
v 0.0993528 0.072475 0.584781
v 0.108315 0.0599584 0.583916
v 0.133524 0.0551528 0.575778
v 0.13315 0.107517 0.580426
v 0.274937 0.384257 0.485735
v 0.170606 -0.145383 0.517205
v 0.0464391 -0.130399 0.611931
v 0.0392892 -0.113439 0.575094
v -0.00161647 -0.112428 0.579865
v -0.00351648 -0.131685 0.617859
v 0.0194356 0.03489 0.601858
v -0.000564158 0.0478802 0.644208
v -2.04632e-05 0.0350303 0.598835
v 0.222163 0.246884 0.4972
v 0.217802 0.257547 0.498129
v 0.293159 0.278716 0.430419
v 0.302852 0.281932 0.427367
v 0.285209 0.277366 0.434932
v 0.289307 0.275834 0.436551
v 0.290061 0.280494 0.427963
v -0.000225079 -0.384287 0.444245
v 0.0651001 -0.383883 0.440585
v -0.000891543 -0.364076 0.502426
v 0.116576 -0.381784 0.436341
v 0.363734 0.712842 -0.467571
v 0.32166 0.832542 -0.392653
v 0.376508 0.821429 -0.265451
v 0.427095 0.698004 -0.319575
v 0.27178 0.90956 -0.29643
v 0.310423 0.901357 -0.210644
v 0.441869 0.677005 -0.175175
v 0.389019 0.807076 -0.128411
v 0.313311 0.894506 -0.0788532
v 0.12783 -0.376125 0.378248
v 0.0722266 -0.391483 0.37664
v 0.125579 0.302411 0.505741
v 0.101656 0.861358 -0.486525
v 0.214084 0.849981 -0.463327
v 0.2467 0.723207 -0.559263
v 0.104913 0.117397 -0.600268
v 0.221579 0.117865 -0.555159
v 0.200848 0.0268164 -0.488992
v 0.0944011 0.0271204 -0.539134
v 0.391141 0.144178 -0.303545
v 0.331241 0.130393 -0.444613
v 0.360829 0.250357 -0.491155
v 0.424003 0.258021 -0.333419
v 0.000868155 0.23912 -0.655479
v 0.00089154 0.393909 -0.675105
v 0.125626 0.397949 -0.664716
v 0.115418 0.240453 -0.645617
v 0.452175 0.547687 -0.348309
v 0.450217 0.395605 -0.350776
v 0.383015 0.40193 -0.511868
v 0.3854 0.562496 -0.506472
v 0.464078 0.52881 -0.195929
v 0.311698 0.866351 0.071908
v -9.64635e-05 -0.406882 0.376985
v 0.373883 -0.18312 -0.115123
v 0.389189 -0.0789467 -0.141776
v 0.247109 0.197607 0.47589
v 0.22891 0.231497 0.489717
v 0.121077 -0.116725 0.574393
v 0.125626 -0.0895459 0.583057
v 0.110548 -0.128452 0.555428
v 0.000710309 0.959638 0.167019
v 0.000710309 0.881206 0.320973
v 0.224163 0.124079 0.505215
v 0.255305 0.260798 0.480649
v 0.25188 0.263516 0.478322
v 0.214891 0.26119 0.49413
v 0.116476 0.273741 0.475423
v 0.290704 0.283902 0.433377
v 0.29641 0.299523 0.422813
v 0.29406 0.288222 0.418078
v 0.142655 0.263364 0.482467
v 0.121638 0.267831 0.470296
v 0.171711 0.256898 0.489693
v 0.246864 0.257401 0.473821
v 0.274311 0.271648 0.453301
v 0.274539 0.26862 0.446654
v 0.233686 0.331104 0.49074
v 0.187548 0.326632 0.49682
v 0.296971 0.273928 0.433476
v 0.134067 -0.0744861 0.577333
v 0.237434 0.052867 0.514604
v 0.0637905 0.27076 0.54346
v 0.375421 0.514218 0.287328
v 0.353808 -0.333437 -0.190615
v 0.349365 -0.276331 -0.333858
v 0.323337 -0.214946 -0.338453
v 0.356725 -0.247925 -0.205557
v -0.000330311 -0.581268 0.237302
v 0.092922 -0.548418 0.185458
v 0.394783 -0.0876049 -0.0664009
v 0.358315 -0.197624 -0.02995
v 0.292785 -0.321493 0.0377429
v 0.395175 -0.0904345 -0.0143524
v 0.243385 0.243183 -0.602957
v 0.000587539 -0.0451091 -0.498205
v 0.000751232 0.030862 -0.55154
v 0.000809694 0.11928 -0.61144
v 0.000850617 0.862837 -0.491295
v 0.000868155 0.958527 -0.339277
v 0.000423846 -0.128189 -0.469085
v 0.264186 0.56961 -0.608026
v 0.35127 -0.283317 -0.0863656
v 0.196201 -0.209591 -0.418785
v 0.0873097 -0.206341 -0.44839
v 0.000488154 -0.206259 -0.449945
v 0.263397 0.402579 -0.621226
v 0.456683 0.384813 -0.0591516
v 0.457776 0.372302 -0.191281
v 0.000850617 0.671351 0.512487
v 0.000809694 0.77919 0.437668
v 0.408656 0.116286 0.298547
v 0.295913 0.259781 0.439334
v 0.285355 0.265481 0.449775
v 0.278766 0.270035 0.454663
v 0.128946 -0.0227065 0.564741
v 0.16203 0.016989 0.534633
v 0.0985987 0.0583799 0.58087
v 0.0538462 0.323165 0.543729
v 0.0794758 0.301522 0.528465
v -0.00330601 -0.197759 0.600525
v -0.000511542 -0.225551 0.572931
v -0.00456879 -0.164231 0.628277
v -0.000336157 -0.26392 0.574381
v -0.000768774 -0.325515 0.55686
v 0.269921 0.242499 0.464742
v 0.260573 0.253022 0.476072
v 0.235066 0.15963 0.493271
v 0.411369 0.186119 0.273583
v 0.000178307 0.0131539 0.584682
v 0.153436 -0.0554568 0.55786
v 0.0264569 0.331747 0.554112
v -0.000342003 0.332998 0.557743
v 0.285589 0.277974 0.428156
v 0.184795 -0.499655 0.1217
v 0.332808 -0.386298 -0.0699261
v 0.20739 -0.274419 -0.415909
v 0.0927467 -0.274308 -0.43723
v 0.278029 -0.438791 0.0475586
v 0.000505693 -0.27722 -0.43768
v 0.438191 0.12488 -0.0367783
v 0.460214 0.163208 -0.055258
v 0.485388 0.177437 -0.0277343
v 0.472304 0.161641 -0.00367724
v 0.496244 0.232684 -0.0170708
v 0.477425 0.247036 0.00446648
v 0.517015 0.298681 -0.0523876
v 0.492233 0.31788 -0.0441737
v 0.53425 0.316407 -0.124009
v 0.511491 0.332595 -0.129276
v 0.535904 0.290111 -0.170685
v 0.511128 0.30365 -0.186838
v 0.538611 0.228878 -0.193017
v 0.511286 0.231199 -0.218992
v 0.520242 0.128838 -0.191421
v 0.490433 0.122168 -0.208603
v 0.487562 0.00951757 -0.0819458
v 0.472286 -0.00658864 -0.0930419
v 0.47079 0.0399937 -0.154257
v 0.496437 0.0472722 -0.136917
v 0.485142 -0.0247586 -0.0238758
v 0.46129 -0.0429694 -0.0334343
v 0.474888 0.238927 -0.0419989
v 0.495232 0.289088 -0.0628581
v 0.508398 0.299996 -0.11766
v 0.51311 0.283323 -0.158478
v 0.514642 0.235303 -0.176531
v 0.501751 0.136134 -0.181559
v 0.486025 0.0533522 -0.11859
v 0.486451 0.0268164 -0.067155
v 0.482529 0.0136625 -0.0120607
v 0.464265 0.0280383 0.0249515
v 0.457519 -0.0185791 0.0196256
v 0.442769 0.0582571 -0.0293244
v 0.45632 0.0847169 -0.0600578
v 0.442465 0.0842785 -0.0209644
v 0.459612 0.268106 0.0209995
v 0.458559 0.182857 0.0414318
v 0.463026 0.318488 -0.0446005
v 0.470222 0.311835 -0.142898
v 0.455063 0.232836 -0.195221
v 0.43839 0.13186 -0.191088
v 0.424564 0.0473131 -0.148417
v 0.423447 -0.00471202 -0.0897563
v 0.425377 -0.0292075 -0.0262143
v 0.430714 -0.0102191 0.0297161
v 0.446335 0.0345567 0.0460036
v 0.475607 0.129364 -0.0864649
v 0.482611 0.0600636 -0.0525396
v 0.481517 0.0827175 -0.101349
v 0.470503 0.0444835 -0.0133527
v 0.479278 0.0776957 0.00471786
v 0.504692 0.223938 -0.101723
v 0.50375 0.131866 -0.1473
v 0.45452 0.100016 0.0450097
v 0.403623 0.0251386 -0.16934
v 0.414719 0.138607 -0.218957
v 0.435461 0.249632 -0.229924
v -0.000201695 -0.407876 0.310666
v 0.000347846 -0.171521 0.505794
v 0.0884205 -0.186598 0.484028
v 0.141147 -0.173807 0.465513
v 0.159878 -0.142255 0.458644
v 0.152483 -0.116468 0.431278
v 0.0708352 0.0121893 0.376371
v 0.128069 -0.116368 0.360528
v 0.143994 -0.166791 0.41184
v 0.0748398 -0.218144 0.372349
v 0.280941 0.292858 0.454897
v 0.281356 0.319879 0.451494
v 0.127268 0.269088 0.455435
v 0.116921 0.284697 0.447653
v 0.119996 0.274998 0.469126
v 0.15699 0.254759 0.466326
v 0.265916 0.273601 0.421176
v 0.214885 0.253946 0.455259
v 0.141223 0.313133 0.482117
v 0.211436 0.255823 0.486852
v 0.277135 0.302686 0.410799
v 0.252505 0.333881 0.433599
v 0.202023 0.342182 0.464578
v 0.11989 0.295816 0.471196
v 0.146526 0.322539 0.455943
v 0.126292 0.301838 0.454973
v 0.119744 0.284878 0.469419
v 0.00103185 0.0191579 0.374711
v 0.000909079 -0.205715 0.379849
v 0.0536357 -0.100847 0.27211
v 0.00103185 -0.098929 0.27128
v 0.255463 -0.398733 -0.446098
v 0.412907 -0.372688 -0.332858
v 0.452596 -0.41557 -0.353559
v 0.293329 -0.465367 -0.476007
v 0.0815337 -0.637104 0.176286
v 0.0726358 -0.738524 0.179519
v 0.174763 -0.714911 0.155526
v 0.172032 -0.601823 0.129884
v 0.380782 -0.504069 -0.184377
v 0.357368 -0.419095 -0.180384
v 0.337538 -0.494803 -0.0548371
v 0.372989 -0.619402 -0.0373571
v 0.453578 -0.652661 -0.0939539
v 0.452351 -0.545892 -0.196981
v 0.173576 -0.814197 0.195654
v 0.0739044 -0.845866 0.20734
v 0.0964414 -0.904976 0.254455
v 0.197703 -0.864562 0.243353
v 0.519564 -0.487407 -0.384801
v 0.555004 -0.584226 -0.219366
v 0.451357 -0.731555 -0.0215899
v 0.382594 -0.74824 0.0443666
v 0.439805 -0.799196 0.0975376
v 0.519108 -0.768071 -0.00769357
v 0.274837 -0.806199 0.115503
v 0.320508 -0.838061 0.183769
v 0.354533 -0.544232 -0.525256
v 0.162503 -0.604343 -0.559076
v 0.131098 -0.496837 -0.498761
v 0.115161 -0.410103 -0.457756
v -0.00017831 -0.492774 -0.504192
v 2.046e-05 -0.40666 -0.465186
v -0.000482311 -0.600531 -0.555322
v 0.546217 -0.696736 -0.117257
v 0.22746 -0.332063 -0.424345
v 0.101627 -0.33885 -0.437002
v 0.280193 -0.554165 0.0658922
v 0.274843 -0.684891 0.0781517
v 0.000347846 -0.34199 -0.438165
v 0.000733693 -0.746364 0.176765
v 0.000312769 -0.874904 0.179121
v 0.378648 -0.322586 -0.326994
v -0.000114002 -0.940246 0.234262
v 0.000979233 -0.650317 0.207112
v -0.130513 -0.13217 0.498924
v -0.133687 -0.14723 0.488109
v -0.15222 -0.140519 0.477457
v -0.14666 -0.13514 0.489746
v -0.0697653 -0.0999404 0.550318
v -0.0736414 -0.0473131 0.499649
v -0.0305784 -0.0972511 0.55389
v -0.0396517 -0.109762 0.550014
v -0.0358517 -0.127727 0.53534
v -0.0742493 -0.135994 0.523315
v -0.0733373 -0.115561 0.537643
v -0.106766 -0.144336 0.504823
v -0.106281 -0.125786 0.515779
v -0.156505 -0.107798 0.467782
v -0.155611 -0.123682 0.486899
v -0.159311 -0.130796 0.484958
v -0.162872 -0.126996 0.470243
v -0.159919 -0.135625 0.47627
v -0.154055 -0.134696 0.486513
v -0.142597 -0.118993 0.499994
v -0.130051 -0.0726738 0.476189
v -0.10054 -0.105798 0.538111
v -0.125684 -0.115824 0.51596
v -0.274604 -0.301394 0.247527
v -0.220831 -0.335775 0.330215
v -0.250102 -0.275554 0.380393
v -0.3066 -0.239804 0.292309
v -0.284302 -0.0258401 0.479772
v -0.319479 0.00809111 0.449577
v -0.331873 -0.0412272 0.412243
v -0.293674 -0.0747667 0.452418
v -0.294668 -0.0547787 -0.357622
v -0.302063 -0.144319 -0.34334
v -0.356012 -0.159916 -0.223184
v -0.355474 -0.0633082 -0.24271
v -0.447241 0.22613 0.139332
v -0.437922 0.336149 0.131124
v -0.449486 0.331215 0.047962
v -0.454982 0.205353 0.0827818
v -0.103311 -0.419241 0.249936
v -0.203701 -0.353384 0.208147
v -0.196966 -0.411506 0.138841
v -0.101797 -0.475733 0.208638
v -0.196499 -0.327216 0.427455
v -0.176283 -0.362363 0.392138
v -0.150331 -0.372548 0.431378
v -0.155575 -0.349484 0.46435
v -0.0890109 -0.391945 0.303855
v -0.158306 -0.363848 0.305182
v -0.415613 0.611627 0.0817705
v -0.430808 0.648493 -0.0417066
v -0.45411 0.508986 -0.0641209
v -0.440308 0.483438 0.0478393
v -0.389808 0.40462 0.306977
v -0.375935 0.38348 0.354021
v -0.34643 0.433026 0.398499
v -0.354807 0.467378 0.356891
v -0.317409 0.30382 0.429121
v -0.30173 0.320499 0.456861
v -0.309295 0.339493 0.457756
v -0.328406 0.316144 0.429519
v -0.358297 0.360101 0.389344
v -0.335684 0.397733 0.427864
v -0.285156 0.29304 0.457387
v -0.294212 0.310695 0.451757
v -0.307675 0.294425 0.430781
v -0.29475 0.281949 0.435698
v -0.421091 0.455996 0.145494
v -0.395403 0.565208 0.19252
v -0.321999 0.364421 0.449238
v -0.345494 0.336792 0.417218
v -0.178165 0.560672 0.512335
v -0.249354 0.546354 0.466589
v -0.243286 0.479638 0.494943
v -0.170168 0.4781 0.536796
v -0.164123 0.410647 0.547114
v -0.236966 0.427297 0.516007
v -0.270669 0.634748 0.422187
v -0.195815 0.657882 0.47347
v -0.14597 0.313039 0.508126
v -0.18946 0.324971 0.513312
v -0.186823 0.312829 0.511757
v -0.144895 0.300213 0.501871
v -0.186911 0.310514 0.506612
v -0.143462 0.300341 0.494353
v -0.160048 0.365076 0.528073
v -0.219468 0.382854 0.516404
v -0.15782 0.334506 0.520076
v -0.205952 0.349935 0.517012
v -0.195236 0.332495 0.516264
v -0.151653 0.320785 0.513142
v -0.0805691 0.0827468 0.603261
v -0.0493739 0.08878 0.593591
v -0.0448723 0.0732117 0.617958
v -0.0594819 0.0761932 0.621314
v -0.422927 0.0771812 0.237185
v -0.432205 0.159355 0.215905
v -0.448112 0.130656 0.149516
v -0.4282 0.0348607 0.166897
v -0.311779 -0.172912 0.334378
v -0.324787 -0.103758 0.371735
v -0.364851 -0.052639 0.316097
v -0.367254 -0.126698 0.269146
v -0.183918 -0.149136 0.51793
v -0.182024 -0.137865 0.527822
v -0.205163 -0.131463 0.524127
v -0.205514 -0.152071 0.514943
v -0.39379 0.00614433 0.269368
v -0.400951 -0.0591282 0.208995
v -0.261011 -0.0993382 0.483865
v -0.25102 -0.0551177 0.50328
v -0.158849 -0.136444 0.499199
v -0.155155 -0.134784 0.503397
v -0.145304 -0.133848 0.514902
v -0.160802 -0.128394 0.536919
v -0.173424 -0.121349 0.541327
v -0.169156 -0.138478 0.524928
v -0.232096 -0.116964 0.50767
v -0.232727 -0.151188 0.49696
v -0.326085 0.202611 0.415651
v -0.34094 0.235683 0.392156
v -0.367727 0.221336 0.359031
v -0.358829 0.177595 0.3841
v -0.295603 0.0501836 0.478632
v -0.32232 0.0902006 0.449922
v -0.351843 0.04895 0.416686
v -0.367248 0.00336155 0.369624
v -0.156137 -0.154941 0.536878
v -0.165134 -0.177028 0.538193
v -0.144573 -0.187364 0.558725
v -0.140533 -0.155882 0.559046
v -0.17761 -0.0804258 0.547933
v -0.201667 -0.0484356 0.526945
v -0.22024 -0.0817529 0.517585
v -0.195826 -0.106131 0.536439
v -0.207794 -0.213087 0.493049
v -0.191711 -0.188305 0.515551
v -0.201111 -0.170071 0.510745
v -0.223385 -0.183243 0.490178
v -0.128595 -0.132761 0.551212
v -0.145777 -0.139513 0.530605
v -0.0971664 0.171538 0.569909
v -0.120048 0.150182 0.555387
v -0.13557 0.119437 0.545004
v -0.113103 0.137432 0.569453
v -0.0653573 0.232432 0.569575
v -0.08745 0.217992 0.556468
v -0.0739395 0.185388 0.584933
v -0.0855266 0.255554 0.53095
v -0.110583 0.228714 0.525501
v -0.115915 0.191404 0.5495
v -0.300099 0.0366964 -0.387999
v -0.364734 0.0377897 -0.269357
v -0.223181 -0.243207 0.45081
v -0.246139 -0.195666 0.45347
v -0.271201 -0.199869 0.399446
v -0.362846 -0.197443 0.213286
v -0.410176 -0.124757 0.140565
v -0.430404 -0.00290555 0.0907385
v -0.448779 0.11075 0.0889086
v -0.142135 0.869847 0.301633
v -0.132167 0.771303 0.419317
v -0.0633989 0.777407 0.43288
v -0.0675789 0.877324 0.315577
v -0.353469 0.660735 0.264732
v -0.2875 0.723792 0.335465
v -0.30353 0.809117 0.220313
v -0.37099 0.728422 0.148627
v -0.381016 0.776764 0.0117274
v -0.0996744 0.472587 0.557146
v -0.109525 0.565325 0.53475
v -0.100294 0.277787 0.511248
v -0.108689 0.248457 0.503268
v -0.0528874 0.193947 0.604898
v -0.0453926 0.241125 0.586705
v -0.12255 0.668732 0.500514
v -0.0511336 0.564922 0.542589
v -0.0582191 0.671655 0.50974
v -0.0440363 0.465776 0.561151
v -0.0361966 0.388923 0.562367
v -0.301894 0.466338 0.448542
v -0.295831 0.424807 0.472166
v -0.140867 0.22264 0.499754
v -0.185742 0.209381 0.492394
v -0.186338 0.179495 0.502724
v -0.145859 0.19535 0.519018
v -0.0600022 0.0437294 0.578309
v -0.113337 0.0407946 0.564875
v -0.114196 0.0121659 0.564255
v -0.0686019 -0.00676987 0.598064
v -0.143661 0.0637116 0.537807
v -0.147607 0.0440217 0.535469
v -0.0907706 -0.0459919 0.600525
v -0.0300113 -0.0346152 0.623594
v -0.028047 -0.0138554 0.603173
v -0.148028 0.131527 0.5437
v -0.148519 0.164868 0.537322
v -0.183164 0.146873 0.520193
v -0.176978 0.112363 0.532908
v -0.147823 0.0979234 0.535574
v -0.165064 0.0766492 0.532955
v -0.120107 0.268649 0.480825
v -0.118558 0.262394 0.493353
v -0.115979 0.27287 0.494434
v -0.116476 0.272952 0.483859
v -0.229115 0.916634 0.120496
v -0.223379 0.848952 0.271461
v -0.145146 0.945128 0.150709
v -0.145409 0.980883 -0.0176788
v -0.154278 0.976311 -0.1834
v -0.240088 0.945514 -0.185786
v -0.230512 0.948548 -0.0401515
v -0.0669533 0.995411 -0.00979819
v -0.0669124 0.955581 0.163097
v -0.0891746 0.383199 0.554861
v -0.112226 0.336757 0.527307
v -0.123381 0.311174 0.513382
v -0.149484 -0.111966 0.558549
v -0.160264 -0.0991219 0.559216
v -0.0695139 0.122828 0.646821
v -0.103574 0.1197 0.616608
v -0.0967747 0.0873945 0.617683
v -0.0583127 0.0845006 0.640951
v -0.0810075 0.0824603 0.567973
v -0.0347818 0.058339 0.594989
v -0.031812 -0.0520134 0.636181
v -0.0876079 -0.0656701 0.61341
v -0.0905251 -0.101683 0.607529
v -0.0378686 -0.0937434 0.629054
v -0.0836617 -0.122507 0.579642
v -0.0385351 -0.11728 0.594673
v -0.0223295 0.0177081 0.586652
v -0.0307538 0.0864766 0.665646
v -0.0369098 0.125196 0.667078
v -0.0659946 0.154643 0.629212
v -0.0379446 0.159028 0.648136
v -0.0287544 0.19984 0.620642
v -0.0228205 0.245931 0.598298
v -0.0444456 0.281523 0.558544
v -0.0233467 0.287164 0.569581
v -0.348774 0.267521 0.384632
v -0.352083 0.30296 0.39367
v -0.371253 0.315308 0.363077
v -0.374871 0.266369 0.352501
v -0.422202 0.335746 0.207253
v -0.401928 0.429197 0.234116
v -0.395345 0.264083 0.313998
v -0.391071 0.32586 0.325679
v -0.312703 0.275793 0.421661
v -0.320315 0.291642 0.417107
v -0.332077 0.295173 0.409057
v -0.327599 0.271742 0.406824
v -0.429802 0.244434 0.203979
v -0.409282 0.332454 0.277442
v -0.411848 0.257886 0.266369
v -0.187414 -0.242265 0.510307
v -0.193763 -0.283183 0.474066
v -0.155254 -0.304954 0.501777
v -0.149998 -0.264183 0.526518
v -0.0567108 -0.227311 0.569523
v -0.101124 -0.233508 0.561461
v -0.11039 -0.27508 0.546021
v -0.066205 -0.270351 0.564711
v -0.154225 -0.138052 0.502391
v -0.159867 -0.142787 0.513271
v -0.15533 -0.142366 0.518626
v -0.148566 -0.137426 0.506285
v -0.160416 -0.138344 0.518258
v -0.161965 -0.141513 0.511996
v -0.110811 -0.126394 0.533276
v -0.10089 -0.129879 0.583501
v -0.0809374 -0.117865 0.558397
v -0.263876 0.014785 0.500935
v -0.26083 0.088932 0.49537
v -0.279702 0.127055 0.470506
v -0.207764 0.0867397 0.523776
v -0.187729 0.0509786 0.529558
v -0.232096 -0.0167025 0.518065
v -0.344056 0.133304 0.417078
v -0.302046 0.166376 0.445239
v -0.292551 0.225429 0.44414
v -0.316041 0.250468 0.418475
v -0.335386 -0.250836 0.156385
v -0.387207 -0.179618 0.074568
v -0.353755 -0.194151 0.0276524
v -0.292388 -0.279891 0.104617
v -0.392211 0.205733 0.320201
v -0.386651 0.150025 0.344942
v -0.126064 0.567371 -0.651942
v -0.117096 0.725914 -0.596082
v -0.209068 0.754227 0.387245
v -0.134091 -0.133281 0.515294
v -0.132384 -0.133778 0.530774
v -0.118289 -0.366228 0.490722
v -0.0673742 -0.375085 0.505343
v -0.0685259 -0.327012 0.553422
v -0.117722 -0.319453 0.530388
v -0.287793 -0.13528 0.424643
v -0.375234 0.0965671 0.380457
v -0.394351 0.054463 0.33218
v -0.0714373 0.993797 -0.182751
v -0.0825568 0.953558 -0.338084
v -0.177458 0.935674 -0.330221
v -0.176961 0.259482 0.501637
v -0.139651 0.267463 0.490903
v -0.141176 0.271537 0.486156
v -0.175792 0.263446 0.495797
v -0.139621 0.240295 0.49489
v -0.181918 0.230053 0.49499
v -0.335299 0.587722 0.356851
v -0.311189 0.51838 0.416464
v -0.263028 0.350391 0.495528
v -0.252435 0.331198 0.496568
v -0.111168 0.276448 0.500608
v -0.113553 0.255671 0.49582
v -0.124754 0.293525 0.500263
v -0.124275 0.282616 0.489933
v -0.138587 0.254671 0.496603
v -0.17851 0.246346 0.500783
v -0.120744 0.272286 0.476557
v -0.150635 0.0843194 0.549231
v -0.110981 -0.197039 0.578654
v -0.145877 -0.226522 0.547184
v -0.257825 -0.146365 0.464946
v -0.181813 -0.015013 0.533586
v -0.21057 0.0188715 0.525811
v -0.169226 -0.14996 0.516989
v -0.181743 -0.1588 0.515902
v -0.175376 -0.168545 0.522911
v -0.163813 -0.153415 0.52335
v -0.140253 -0.128364 0.545887
v -0.153091 -0.134363 0.527834
v -0.414608 -0.0714286 0.0335337
v -0.0376523 0.063203 0.628721
v -0.0232707 0.0530365 0.640016
v -0.190483 -0.134521 -0.42891
v -0.190425 -0.0530365 -0.446291
v -0.0856669 -0.0492716 -0.489617
v -0.0841703 -0.13027 -0.463549
v -0.238743 0.312729 0.498784
v -0.236568 0.310718 0.495914
v -0.245034 0.325784 0.495083
v -0.120311 0.281967 0.47734
v -0.176107 -0.207054 0.530523
v -0.114635 -0.15994 0.588938
v -0.0702155 -0.19877 0.595006
v -0.0735478 -0.165324 0.619338
v -0.0899814 0.151661 0.600396
v -0.111016 0.0572925 0.58557
v -0.101867 0.0715163 0.586237
v -0.127064 0.0733753 0.597824
v -0.136833 0.0543987 0.574241
v -0.135833 0.107312 0.581379
v -0.278287 0.38386 0.485911
v -0.171226 -0.145371 0.517737
v -0.0426215 -0.114106 0.575498
v -0.0575293 -0.131258 0.610721
v -0.0203535 0.0339429 0.602828
v -0.224215 0.246978 0.496697
v -0.219644 0.257664 0.498129
v -0.308126 0.284604 0.426215
v -0.296275 0.279026 0.430641
v -0.291721 0.275554 0.437358
v -0.286612 0.276705 0.435172
v -0.291949 0.280143 0.428238
v -0.065825 -0.384532 0.440825
v -0.11702 -0.382428 0.436651
v -0.374667 0.821265 -0.265393
v -0.3198 0.831958 -0.392208
v -0.362179 0.712818 -0.467507
v -0.425879 0.698185 -0.319692
v -0.269938 0.909215 -0.296313
v -0.308015 0.900609 -0.210562
v -0.440407 0.677046 -0.175192
v -0.387417 0.807117 -0.128411
v -0.312037 0.894728 -0.0788123
v -0.0720161 -0.391612 0.376675
v -0.127765 -0.376523 0.378341
v -0.124801 0.303066 0.504835
v -0.0997913 0.860855 -0.486022
v -0.212687 0.850449 -0.463771
v -0.245244 0.723306 -0.559461
v -0.199083 0.0271847 -0.488407
v -0.21986 0.118005 -0.554936
v -0.10327 0.117479 -0.600127
v -0.0928636 0.0273016 -0.53883
v -0.389259 0.144254 -0.303446
v -0.329178 0.130557 -0.444432
v -0.359227 0.250316 -0.491237
v -0.422325 0.258021 -0.333419
v -0.123907 0.397932 -0.664658
v -0.113699 0.240517 -0.645459
v -0.381641 0.401913 -0.512072
v -0.448592 0.395605 -0.3508
v -0.450574 0.547705 -0.348333
v -0.384366 0.562601 -0.506817
v -0.462722 0.528827 -0.195952
v -0.310604 0.866976 0.0721301
v -0.372013 -0.183143 -0.115123
v -0.387686 -0.0789994 -0.141781
v -0.2476 0.197566 0.475487
v -0.230342 0.231532 0.488372
v -0.129238 -0.0890256 0.584927
v -0.123544 -0.115971 0.574872
v -0.114588 -0.128867 0.557082
v -0.221702 0.122764 0.506442
v -0.216107 0.26119 0.49413
v -0.253242 0.263207 0.478422
v -0.256568 0.260547 0.479737
v -0.115342 0.273619 0.475323
v -0.298743 0.299903 0.422953
v -0.291698 0.283732 0.432722
v -0.295854 0.288181 0.418253
v -0.142059 0.263388 0.482491
v -0.120428 0.267802 0.470325
v -0.172108 0.256934 0.489641
v -0.275083 0.271584 0.453242
v -0.248582 0.25684 0.473757
v -0.275001 0.268573 0.446274
v -0.234253 0.331396 0.490634
v -0.187624 0.326819 0.49717
v -0.300292 0.274694 0.432944
v -0.135658 -0.0739483 0.577444
v -0.237428 0.052791 0.514919
v -0.0645564 0.270789 0.544612
v -0.373819 0.514195 0.287264
v -0.321852 -0.214718 -0.338184
v -0.348166 -0.27584 -0.333396
v -0.352171 -0.333378 -0.190533
v -0.354936 -0.247872 -0.205511
v -0.0936937 -0.549137 0.186785
v -0.35669 -0.197653 -0.0299733
v -0.393228 -0.0876225 -0.0664009
v -0.29161 -0.321499 0.0380294
v -0.393638 -0.0904403 -0.014329
v -0.241608 0.243201 -0.602916
v -0.263209 0.569914 -0.609242
v -0.349441 -0.283282 -0.0863831
v -0.194821 -0.209504 -0.418674
v -0.0862925 -0.206323 -0.448413
v -0.261795 0.402579 -0.621448
v -0.456233 0.372302 -0.191263
v -0.455245 0.384813 -0.0591282
v -0.408072 0.116608 0.297155
v -0.298661 0.260278 0.439147
v -0.287606 0.265861 0.450068
v -0.279696 0.270216 0.454289
v -0.162731 0.0172638 0.536515
v -0.13087 -0.0222973 0.565699
v -0.101475 0.0572691 0.580946
v -0.0809198 0.301049 0.528407
v -0.0556351 0.322972 0.54498
v -0.272306 0.242932 0.464508
v -0.262964 0.253017 0.476001
v -0.233067 0.158607 0.487893
v -0.412053 0.186142 0.273695
v -0.154815 -0.0532762 0.55793
v -0.0277489 0.331782 0.556427
v -0.286179 0.277611 0.427928
v -0.183941 -0.499632 0.122144
v -0.331493 -0.386257 -0.0698735
v -0.206238 -0.274279 -0.416026
v -0.0915482 -0.274332 -0.437317
v -0.277193 -0.438779 0.0481257
v -0.484037 0.177414 -0.0276816
v -0.458618 0.163319 -0.0553633
v -0.437233 0.124752 -0.0367315
v -0.471526 0.1616 -0.00366555
v -0.476232 0.247018 0.00445479
v -0.494987 0.232631 -0.0169773
v -0.491035 0.317921 -0.0441971
v -0.515688 0.298728 -0.0523583
v -0.510175 0.332513 -0.1293
v -0.532917 0.316524 -0.12405
v -0.50993 0.303592 -0.186815
v -0.534671 0.290233 -0.170849
v -0.510152 0.231181 -0.21891
v -0.537459 0.228895 -0.193058
v -0.48934 0.122068 -0.20872
v -0.519208 0.128879 -0.191363
v -0.469632 0.0399528 -0.15424
v -0.470766 -0.00661202 -0.0930419
v -0.486142 0.00947665 -0.0819458
v -0.495221 0.0472722 -0.1369
v -0.459705 -0.0431682 -0.033446
v -0.483546 -0.0248521 -0.0238816
v -0.494011 0.289082 -0.0628932
v -0.473502 0.238904 -0.0420457
v -0.507246 0.300137 -0.117724
v -0.512134 0.2833 -0.158502
v -0.513712 0.235303 -0.176549
v -0.50102 0.136093 -0.181582
v -0.485095 0.0532704 -0.118549
v -0.485253 0.0267755 -0.0671726
v -0.481172 0.0136801 -0.012201
v -0.456127 -0.0187428 0.0196958
v -0.462909 0.027933 0.024969
v -0.454923 0.0845591 -0.060163
v -0.441284 0.0577602 -0.0294063
v -0.440921 0.0840388 -0.0210813
v -0.457712 0.18288 0.0414318
v -0.458378 0.268123 0.0210228
v -0.461588 0.318505 -0.044618
v -0.468843 0.311858 -0.142898
v -0.453707 0.232836 -0.195204
v -0.436969 0.13182 -0.191047
v -0.423167 0.0473306 -0.148288
v -0.421945 -0.00467109 -0.089692
v -0.423991 -0.0291198 -0.0260915
v -0.429434 -0.0102776 0.0297746
v -0.445242 0.0345158 0.0460211
v -0.481617 0.0602039 -0.0524227
v -0.474104 0.129276 -0.0866754
v -0.480325 0.0824545 -0.101285
v -0.469474 0.0446648 -0.013376
v -0.478167 0.0776431 0.00467109
v -0.503592 0.223961 -0.101887
v -0.502575 0.131983 -0.147242
v -0.453707 0.0999988 0.0450097
v -0.413357 0.138549 -0.218945
v -0.402232 0.0251035 -0.169299
v -0.434023 0.249632 -0.229901
v -0.0871226 -0.186639 0.484069
v -0.139686 -0.173807 0.465537
v -0.158481 -0.142278 0.458685
v -0.0688299 0.0121893 0.376371
v -0.150805 -0.116468 0.431278
v -0.126228 -0.116368 0.360528
v -0.142316 -0.166791 0.41184
v -0.0730392 -0.218144 0.372349
v -0.282087 0.293548 0.454716
v -0.283513 0.320341 0.45129
v -0.124398 0.285323 0.452968
v -0.126795 0.269175 0.455978
v -0.119353 0.275057 0.469524
v -0.156265 0.2548 0.466332
v -0.265074 0.27356 0.421036
v -0.214762 0.253899 0.455218
v -0.141855 0.312577 0.484315
v -0.212745 0.255776 0.486875
v -0.277117 0.302621 0.410811
v -0.252014 0.333887 0.433371
v -0.20141 0.342405 0.464461
v -0.120767 0.295565 0.473184
v -0.145333 0.322832 0.456154
v -0.126041 0.301873 0.455785
v -0.119879 0.284837 0.470541
v -0.0516539 -0.100847 0.27211
v -0.454245 -0.41571 -0.353027
v -0.413392 -0.372097 -0.332203
v -0.255785 -0.398019 -0.4467
v -0.294685 -0.464338 -0.476902
v -0.174388 -0.714777 0.156607
v -0.0715543 -0.738454 0.180284
v -0.0798266 -0.636725 0.177765
v -0.171536 -0.601788 0.131147
v -0.337345 -0.494639 -0.0546091
v -0.355094 -0.419334 -0.180442
v -0.379665 -0.504905 -0.184915
v -0.373053 -0.619338 -0.0373044
v -0.45328 -0.545816 -0.197379
v -0.454128 -0.653065 -0.0942754
v -0.0965876 -0.904778 0.254759
v -0.0736004 -0.845567 0.20775
v -0.172974 -0.81408 0.195975
v -0.1973 -0.864375 0.243622
v -0.520961 -0.488138 -0.3841
v -0.556272 -0.584635 -0.21946
v -0.439238 -0.799155 0.0975785
v -0.381694 -0.748264 0.0442672
v -0.45103 -0.731883 -0.0219173
v -0.519067 -0.768135 -0.0077988
v -0.273785 -0.806328 0.115322
v -0.319391 -0.83802 0.183769
v -0.163088 -0.604103 -0.559421
v -0.356672 -0.543712 -0.525361
v -0.131226 -0.496761 -0.498854
v -0.114629 -0.410074 -0.45775
v -0.546533 -0.697291 -0.117619
v -0.100633 -0.33885 -0.437013
v -0.22677 -0.331835 -0.424707
v -0.274931 -0.684651 0.0790578
v -0.28021 -0.553908 0.0669913
v -0.378028 -0.321668 -0.326088
v 0.172833 0.300014 0.41564
v -0.171097 0.299996 0.415616